-5.033962,-9.181933,176.972641,62.000000,-418.000000,16629.000000,-2.000000,-1.000000,-1.000000
-8.611017,-14.067905,175.365790,48.000000,-441.000000,16641.000000,2.000000,1.000000,2.000000
-10.832451,-16.083222,174.380016,46.000000,-418.000000,16645.000000,1.000000,0.000000,0.000000
-12.279960,-17.014534,173.478305,47.000000,-425.000000,16644.000000,-2.000000,3.000000,0.000000
-13.157799,-17.182563,172.599582,55.000000,-425.000000,16666.000000,1.000000,3.000000,-1.000000
-13.614590,-17.123989,171.734187,53.000000,-437.000000,16636.000000,0.000000,2.000000,0.000000
-13.800972,-17.009144,170.865488,59.000000,-427.000000,16654.000000,0.000000,0.000000,1.000000
-13.792622,-16.835235,170.002418,53.000000,-421.000000,16641.000000,-1.000000,3.000000,0.000000
-13.795144,-16.799547,169.095138,49.000000,-414.000000,16631.000000,1.000000,1.000000,-1.000000
-13.770914,-16.764090,168.181888,44.000000,-442.000000,16641.000000,-1.000000,1.000000,1.000000
-13.601415,-16.594944,167.284214,49.000000,-409.000000,16665.000000,0.000000,1.000000,1.000000
-13.560363,-16.620781,166.334105,38.000000,-438.000000,16652.000000,1.000000,3.000000,2.000000
-13.416132,-16.682243,165.385913,39.000000,-435.000000,16655.000000,-1.000000,1.000000,1.000000
-13.255664,-16.595303,164.434892,71.000000,-416.000000,16660.000000,1.000000,2.000000,0.000000
-13.093396,-16.755784,163.452473,61.000000,-422.000000,16636.000000,0.000000,1.000000,2.000000
-12.927954,-16.855407,162.460580,60.000000,-428.000000,16640.000000,2.000000,3.000000,1.000000
-12.746983,-16.809386,161.470502,43.000000,-413.000000,16599.000000,-1.000000,2.000000,0.000000
-12.617970,-16.772782,160.462929,43.000000,-438.000000,16609.000000,1.000000,2.000000,1.000000
-12.528706,-16.838147,159.404532,57.000000,-433.000000,16628.000000,0.000000,3.000000,2.000000
-12.358266,-16.767349,158.359372,57.000000,-416.000000,16635.000000,-2.000000,3.000000,0.000000
-12.192847,-16.784132,157.299443,51.000000,-439.000000,16630.000000,0.000000,1.000000,1.000000
-12.043542,-16.768690,156.204490,52.000000,-417.000000,16632.000000,-1.000000,2.000000,0.000000
-11.821476,-16.759428,155.122575,79.000000,-406.000000,16639.000000,0.000000,1.000000,2.000000
-11.616651,-16.831331,154.013527,46.000000,-420.000000,16637.000000,-1.000000,1.000000,2.000000
-11.439684,-16.828902,152.886570,48.000000,-421.000000,16641.000000,-1.000000,1.000000,1.000000
-11.274323,-16.800059,151.737875,62.000000,-422.000000,16629.000000,0.000000,1.000000,0.000000
-11.063326,-16.834225,150.572925,51.000000,-415.000000,16618.000000,0.000000,2.000000,0.000000
-10.856807,-16.933168,149.371532,42.000000,-410.000000,16629.000000,-1.000000,1.000000,2.000000
-10.615660,-16.910983,148.191687,53.000000,-404.000000,16615.000000,-1.000000,2.000000,2.000000
-10.427717,-16.869770,146.974651,43.000000,-414.000000,16626.000000,-1.000000,2.000000,1.000000
-10.220162,-16.846801,145.738981,60.000000,-408.000000,16636.000000,1.000000,1.000000,1.000000
-10.000559,-16.873572,144.490166,61.000000,-425.000000,16633.000000,1.000000,2.000000,2.000000
-9.790135,-16.820677,143.227021,52.000000,-423.000000,16615.000000,-1.000000,1.000000,-1.000000
-9.538138,-16.793999,141.962391,55.000000,-419.000000,16622.000000,1.000000,1.000000,0.000000
-9.301394,-16.679859,140.695799,72.000000,-408.000000,16634.000000,-2.000000,2.000000,1.000000
-9.041450,-16.625341,139.413096,66.000000,-403.000000,16626.000000,1.000000,1.000000,3.000000
-8.793166,-16.589253,138.108871,41.000000,-420.000000,16620.000000,0.000000,1.000000,1.000000
-8.557137,-16.564282,136.771947,63.000000,-417.000000,16631.000000,1.000000,2.000000,2.000000
-8.281578,-16.418150,135.490855,66.000000,-416.000000,16611.000000,0.000000,1.000000,0.000000
-8.005054,-16.305867,134.196211,50.000000,-416.000000,16618.000000,-1.000000,1.000000,0.000000
-7.744546,-16.244565,132.860762,44.000000,-415.000000,16614.000000,-2.000000,1.000000,0.000000
-7.497721,-16.177505,131.499770,54.000000,-417.000000,16621.000000,0.000000,1.000000,1.000000
-7.237319,-16.154308,130.125136,79.000000,-420.000000,16636.000000,-1.000000,2.000000,2.000000
-6.986574,-16.006136,128.763596,57.000000,-420.000000,16639.000000,0.000000,1.000000,1.000000
-6.699834,-15.889389,127.400013,61.000000,-403.000000,16635.000000,0.000000,3.000000,1.000000
-6.407553,-15.781793,126.036572,56.000000,-403.000000,16635.000000,0.000000,-1.000000,0.000000
-6.117473,-15.684195,124.681728,55.000000,-421.000000,16629.000000,1.000000,3.000000,1.000000
-5.860536,-15.607859,123.277733,72.000000,-422.000000,16629.000000,0.000000,1.000000,1.000000
-5.612339,-15.443562,121.884807,57.000000,-426.000000,16650.000000,1.000000,2.000000,0.000000
-5.322954,-15.222951,120.582521,75.000000,-414.000000,16617.000000,-1.000000,1.000000,1.000000
-5.043887,-15.177214,119.155199,57.000000,-412.000000,16633.000000,0.000000,3.000000,2.000000
-4.774299,-15.002059,117.803083,66.000000,-418.000000,16611.000000,-1.000000,1.000000,0.000000
-4.522249,-14.768005,116.454018,69.000000,-407.000000,16640.000000,-1.000000,2.000000,0.000000
-4.285393,-14.446083,115.159884,50.000000,-416.000000,16622.000000,2.000000,1.000000,2.000000
-4.025410,-14.370205,113.768995,54.000000,-431.000000,16601.000000,0.000000,1.000000,0.000000
-3.788481,-14.179320,112.395014,42.000000,-421.000000,16593.000000,-1.000000,2.000000,0.000000
-3.540975,-14.058337,111.024779,66.000000,-436.000000,16611.000000,-1.000000,1.000000,1.000000
-3.316782,-13.791563,109.694473,45.000000,-421.000000,16620.000000,-1.000000,2.000000,1.000000
-3.060994,-13.594764,108.364085,59.000000,-403.000000,16641.000000,-1.000000,0.000000,0.000000
-2.841227,-13.372110,107.041080,62.000000,-421.000000,16622.000000,-2.000000,2.000000,0.000000
-2.642927,-13.048550,105.760573,56.000000,-412.000000,16624.000000,0.000000,3.000000,1.000000
-2.431343,-12.806660,104.473242,61.000000,-415.000000,16632.000000,0.000000,1.000000,0.000000
-2.217220,-12.574619,103.181481,66.000000,-402.000000,16646.000000,0.000000,1.000000,-1.000000
-2.011540,-12.308453,101.955502,54.000000,-409.000000,16630.000000,0.000000,3.000000,1.000000
-1.824807,-12.099538,100.696922,52.000000,-429.000000,16631.000000,-1.000000,2.000000,1.000000
-1.665342,-11.844939,99.456940,69.000000,-431.000000,16628.000000,0.000000,1.000000,1.000000
-1.465397,-11.670981,98.171958,51.000000,-413.000000,16625.000000,0.000000,3.000000,0.000000
-1.305793,-11.364902,96.974296,58.000000,-405.000000,16627.000000,1.000000,1.000000,0.000000
-1.182535,-11.042376,95.814784,69.000000,-425.000000,16608.000000,0.000000,1.000000,2.000000
-1.077206,-10.645600,94.743512,61.000000,-421.000000,16623.000000,-1.000000,2.000000,-1.000000
-0.936930,-10.388863,93.615920,39.000000,-419.000000,16616.000000,-2.000000,2.000000,1.000000
-0.848411,-10.025938,92.566286,45.000000,-431.000000,16620.000000,0.000000,3.000000,0.000000
-0.731167,-9.780494,91.483123,54.000000,-425.000000,16630.000000,-1.000000,2.000000,1.000000
-0.615957,-9.502112,90.449305,50.000000,-411.000000,16625.000000,0.000000,3.000000,-1.000000
-0.489437,-9.313721,89.370009,54.000000,-418.000000,16642.000000,1.000000,2.000000,-1.000000
-0.393689,-9.034302,88.385171,57.000000,-408.000000,16628.000000,1.000000,2.000000,0.000000
-0.332435,-8.760835,87.384627,52.000000,-433.000000,16608.000000,1.000000,1.000000,0.000000
-0.278016,-8.436478,86.472815,50.000000,-415.000000,16621.000000,0.000000,1.000000,2.000000
-0.204035,-8.180981,85.550370,65.000000,-401.000000,16639.000000,-1.000000,2.000000,1.000000
-0.127122,-7.974600,84.637658,54.000000,-419.000000,16622.000000,1.000000,3.000000,2.000000
-0.057132,-7.760340,83.745597,50.000000,-410.000000,16617.000000,0.000000,1.000000,2.000000
-0.012245,-7.503183,82.884584,41.000000,-411.000000,16614.000000,0.000000,3.000000,2.000000
0.013551,-7.241990,82.060688,59.000000,-416.000000,16604.000000,1.000000,2.000000,0.000000
0.060644,-7.034081,81.226792,61.000000,-404.000000,16605.000000,1.000000,1.000000,1.000000
0.086742,-6.814556,80.428502,67.000000,-414.000000,16627.000000,1.000000,2.000000,1.000000
0.084594,-6.543751,79.674809,51.000000,-419.000000,16616.000000,1.000000,1.000000,1.000000
0.118223,-6.360149,78.917199,57.000000,-412.000000,16623.000000,1.000000,1.000000,1.000000
0.113926,-6.127644,78.220329,66.000000,-420.000000,16632.000000,0.000000,2.000000,1.000000
0.103925,-5.927913,77.528209,82.000000,-429.000000,16616.000000,-1.000000,2.000000,0.000000
0.102772,-5.706120,76.870830,67.000000,-411.000000,16625.000000,1.000000,1.000000,1.000000
0.131247,-5.565032,76.181147,50.000000,-417.000000,16595.000000,1.000000,1.000000,2.000000
0.122567,-5.377564,75.527298,54.000000,-423.000000,16612.000000,-1.000000,1.000000,2.000000
0.098932,-5.169325,74.905794,43.000000,-430.000000,16620.000000,-2.000000,3.000000,2.000000
0.098959,-4.976203,74.297449,44.000000,-404.000000,16620.000000,0.000000,1.000000,1.000000
0.116986,-4.857542,73.671592,62.000000,-412.000000,16632.000000,1.000000,3.000000,1.000000
0.083433,-4.647479,73.130950,52.000000,-416.000000,16628.000000,-1.000000,2.000000,1.000000
0.106891,-4.563139,72.512109,47.000000,-414.000000,16626.000000,-2.000000,1.000000,-1.000000
0.082756,-4.401820,71.969348,45.000000,-426.000000,16631.000000,-1.000000,2.000000,1.000000
0.045255,-4.217404,71.469065,50.000000,-425.000000,16626.000000,0.000000,3.000000,0.000000
0.001406,-4.028405,71.004798,55.000000,-423.000000,16634.000000,0.000000,3.000000,1.000000
-0.026978,-3.898438,70.514312,53.000000,-436.000000,16622.000000,0.000000,2.000000,-1.000000
-0.056188,-3.757532,70.044362,47.000000,-429.000000,16624.000000,-1.000000,2.000000,1.000000
-0.091993,-3.609323,69.604654,49.000000,-431.000000,16642.000000,0.000000,2.000000,1.000000
-0.121699,-3.473526,69.172545,50.000000,-428.000000,16636.000000,0.000000,3.000000,0.000000
-0.144472,-3.357622,68.750328,56.000000,-423.000000,16641.000000,0.000000,1.000000,2.000000
-0.166112,-3.238507,68.345932,57.000000,-411.000000,16628.000000,-2.000000,1.000000,0.000000
-0.200769,-3.124540,67.961847,53.000000,-433.000000,16601.000000,0.000000,2.000000,3.000000
-0.195391,-3.060909,67.549003,48.000000,-419.000000,16622.000000,0.000000,3.000000,1.000000
-0.211733,-2.962304,67.173956,50.000000,-414.000000,16646.000000,0.000000,0.000000,1.000000
-0.254046,-2.831890,66.831948,52.000000,-423.000000,16629.000000,1.000000,2.000000,1.000000
-0.247948,-2.778409,66.447909,51.000000,-414.000000,16632.000000,2.000000,2.000000,0.000000
-0.288202,-2.653121,66.137061,55.000000,-412.000000,16619.000000,0.000000,2.000000,1.000000
-0.331554,-2.532672,65.847686,64.000000,-413.000000,16636.000000,1.000000,2.000000,2.000000
-0.372688,-2.431355,65.553175,56.000000,-424.000000,16625.000000,1.000000,1.000000,1.000000
-0.365016,-2.383257,65.228926,50.000000,-399.000000,16646.000000,0.000000,0.000000,-2.000000
-0.403916,-2.282910,64.959645,60.000000,-411.000000,16632.000000,0.000000,1.000000,0.000000
-0.449614,-2.192842,64.702027,65.000000,-422.000000,16633.000000,0.000000,0.000000,0.000000
-0.454261,-2.137449,64.427584,57.000000,-402.000000,16656.000000,0.000000,2.000000,1.000000
-0.460796,-2.081022,64.147996,40.000000,-405.000000,16638.000000,-1.000000,1.000000,1.000000
-0.523483,-1.951927,63.942932,46.000000,-420.000000,16630.000000,0.000000,2.000000,2.000000
-0.517596,-1.951244,63.669420,74.000000,-407.000000,16636.000000,-2.000000,3.000000,0.000000
-0.547660,-1.888634,63.437053,71.000000,-412.000000,16628.000000,0.000000,2.000000,1.000000
-0.616397,-1.757120,63.267145,67.000000,-410.000000,16618.000000,-2.000000,2.000000,0.000000
-0.641794,-1.709421,63.054652,63.000000,-422.000000,16626.000000,0.000000,2.000000,0.000000
-0.657657,-1.659409,62.848522,60.000000,-409.000000,16648.000000,-1.000000,2.000000,0.000000
-0.642320,-1.689856,62.590211,62.000000,-425.000000,16628.000000,-1.000000,0.000000,1.000000
-0.700066,-1.580949,62.435544,67.000000,-416.000000,16625.000000,0.000000,1.000000,0.000000
-0.711288,-1.567981,62.224060,64.000000,-430.000000,16620.000000,0.000000,1.000000,1.000000
-0.703187,-1.566169,62.005717,65.000000,-419.000000,16637.000000,1.000000,2.000000,2.000000
-0.734092,-1.497936,61.819473,36.000000,-431.000000,16633.000000,0.000000,1.000000,1.000000
-0.765934,-1.438098,61.655473,64.000000,-427.000000,16629.000000,2.000000,3.000000,2.000000
-0.783759,-1.382980,61.488157,47.000000,-417.000000,16623.000000,0.000000,2.000000,1.000000
-0.824793,-1.295898,61.354597,51.000000,-417.000000,16626.000000,0.000000,2.000000,0.000000
-0.875935,-1.187236,61.258961,60.000000,-405.000000,16629.000000,0.000000,1.000000,1.000000
-0.860028,-1.187485,61.084908,43.000000,-410.000000,16626.000000,0.000000,2.000000,0.000000
-0.878575,-1.153389,60.945702,56.000000,-415.000000,16629.000000,-1.000000,2.000000,0.000000
-0.917500,-1.072677,60.843996,40.000000,-416.000000,16619.000000,1.000000,0.000000,1.000000
-0.941477,-1.040953,60.721739,58.000000,-424.000000,16627.000000,0.000000,3.000000,0.000000
-0.965862,-1.017905,60.605007,67.000000,-425.000000,16629.000000,-1.000000,2.000000,2.000000
-0.947305,-1.042606,60.451607,61.000000,-415.000000,16637.000000,0.000000,1.000000,0.000000
-0.969784,-1.003733,60.340331,53.000000,-424.000000,16623.000000,1.000000,1.000000,1.000000
-1.001316,-0.932324,60.267592,63.000000,-402.000000,16621.000000,0.000000,1.000000,2.000000
-0.983769,-0.978360,60.099086,42.000000,-444.000000,16623.000000,0.000000,2.000000,0.000000
-0.999845,-0.943462,60.001127,71.000000,-412.000000,16637.000000,2.000000,2.000000,1.000000
-1.047852,-0.869841,59.933619,56.000000,-427.000000,16624.000000,0.000000,2.000000,1.000000
-1.061007,-0.848823,59.840779,63.000000,-420.000000,16621.000000,0.000000,2.000000,2.000000
-1.057606,-0.834123,59.735285,47.000000,-413.000000,16634.000000,-1.000000,3.000000,1.000000
-1.105479,-0.742740,59.699244,56.000000,-413.000000,16629.000000,1.000000,2.000000,1.000000
-1.125581,-0.717856,59.622567,54.000000,-423.000000,16632.000000,-2.000000,2.000000,0.000000
-1.109828,-0.747843,59.522687,72.000000,-415.000000,16635.000000,0.000000,2.000000,2.000000
-1.089798,-0.786067,59.395450,48.000000,-435.000000,16645.000000,1.000000,2.000000,1.000000
-1.141012,-0.697510,59.367064,59.000000,-415.000000,16611.000000,-1.000000,2.000000,1.000000
-1.145629,-0.674142,59.298201,53.000000,-409.000000,16618.000000,-1.000000,2.000000,1.000000
-1.136847,-0.698425,59.201856,62.000000,-427.000000,16635.000000,1.000000,2.000000,1.000000
-1.152382,-0.680278,59.124499,49.000000,-429.000000,16631.000000,-1.000000,1.000000,0.000000
-1.131621,-0.719760,59.012381,61.000000,-430.000000,16623.000000,2.000000,2.000000,0.000000
-1.122314,-0.730681,58.915642,60.000000,-421.000000,16609.000000,1.000000,2.000000,0.000000
-1.132692,-0.720336,58.841828,69.000000,-421.000000,16618.000000,1.000000,0.000000,1.000000
-1.187018,-0.619269,58.829347,51.000000,-415.000000,16616.000000,0.000000,0.000000,0.000000
-1.199102,-0.593737,58.776566,57.000000,-414.000000,16614.000000,-1.000000,1.000000,0.000000
-1.258979,-0.498277,58.779354,50.000000,-427.000000,16618.000000,0.000000,2.000000,1.000000
-1.212546,-0.556792,58.677325,45.000000,-414.000000,16631.000000,-1.000000,1.000000,0.000000
-1.192013,-0.566110,58.602704,47.000000,-408.000000,16627.000000,1.000000,2.000000,0.000000
-1.247843,-0.483852,58.595839,43.000000,-430.000000,16629.000000,0.000000,2.000000,1.000000
-1.242216,-0.496072,58.540062,65.000000,-415.000000,16616.000000,0.000000,3.000000,1.000000
-1.207366,-0.554173,58.451425,65.000000,-410.000000,16632.000000,-2.000000,1.000000,1.000000
-1.206014,-0.565667,58.380563,58.000000,-425.000000,16619.000000,0.000000,2.000000,0.000000
-1.211313,-0.564360,58.315192,56.000000,-429.000000,16606.000000,1.000000,3.000000,1.000000
-1.245120,-0.496997,58.298996,49.000000,-418.000000,16637.000000,1.000000,3.000000,1.000000
-1.286899,-0.449301,58.294466,69.000000,-427.000000,16608.000000,1.000000,1.000000,2.000000
-1.272852,-0.462109,58.240787,63.000000,-412.000000,16621.000000,1.000000,2.000000,-1.000000
-1.278141,-0.460646,58.193326,57.000000,-427.000000,16613.000000,0.000000,3.000000,0.000000
-1.286042,-0.467073,58.154200,76.000000,-426.000000,16640.000000,0.000000,2.000000,1.000000
-1.257308,-0.512724,58.077296,68.000000,-423.000000,16626.000000,2.000000,2.000000,0.000000
-1.232735,-0.541919,57.998714,57.000000,-418.000000,16626.000000,0.000000,2.000000,1.000000
-1.218037,-0.548370,57.936106,60.000000,-412.000000,16626.000000,2.000000,2.000000,1.000000
-1.277474,-0.444242,57.961445,63.000000,-409.000000,16640.000000,0.000000,2.000000,1.000000
-1.269352,-0.460214,57.917279,73.000000,-416.000000,16648.000000,2.000000,2.000000,2.000000
-1.317122,-0.379956,57.945091,75.000000,-405.000000,16621.000000,1.000000,1.000000,0.000000
-1.292078,-0.431330,57.885491,77.000000,-414.000000,16612.000000,-1.000000,2.000000,1.000000
-1.299944,-0.417199,57.860185,62.000000,-414.000000,16623.000000,-1.000000,2.000000,2.000000
-1.292659,-0.415580,57.827576,66.000000,-403.000000,16625.000000,1.000000,0.000000,-1.000000
-1.277851,-0.422250,57.787239,64.000000,-399.000000,16630.000000,-1.000000,3.000000,1.000000
-1.296158,-0.420376,57.762124,73.000000,-424.000000,16607.000000,-1.000000,1.000000,2.000000
-1.282238,-0.433060,57.709043,48.000000,-417.000000,16621.000000,0.000000,1.000000,1.000000
-1.300888,-0.396906,57.696248,57.000000,-411.000000,16618.000000,0.000000,1.000000,0.000000
-1.303023,-0.375384,57.669665,43.000000,-413.000000,16643.000000,1.000000,2.000000,1.000000
-1.325680,-0.335290,57.658062,37.000000,-421.000000,16613.000000,0.000000,1.000000,0.000000
-1.313148,-0.354481,57.614152,47.000000,-418.000000,16625.000000,0.000000,1.000000,1.000000
-1.293618,-0.388579,57.560487,58.000000,-414.000000,16629.000000,-1.000000,2.000000,1.000000
-1.338597,-0.309721,57.584070,49.000000,-412.000000,16608.000000,1.000000,1.000000,0.000000
-1.313228,-0.380153,57.515278,72.000000,-430.000000,16612.000000,1.000000,1.000000,0.000000
-1.368608,-0.285255,57.558597,58.000000,-409.000000,16605.000000,0.000000,1.000000,1.000000
-1.397109,-0.256698,57.567640,62.000000,-423.000000,16606.000000,-1.000000,1.000000,0.000000
-1.385972,-0.277433,57.536960,47.000000,-427.000000,16614.000000,0.000000,1.000000,2.000000
-1.377579,-0.297340,57.503523,47.000000,-431.000000,16626.000000,0.000000,1.000000,2.000000
-1.334705,-0.374081,57.423982,56.000000,-428.000000,16608.000000,-1.000000,1.000000,1.000000
-1.385108,-0.310705,57.442820,57.000000,-432.000000,16617.000000,-2.000000,2.000000,1.000000
-1.411719,-0.256351,57.461462,58.000000,-417.000000,16606.000000,1.000000,3.000000,-1.000000
-1.376361,-0.311076,57.409081,54.000000,-425.000000,16621.000000,1.000000,0.000000,2.000000
-1.343856,-0.336591,57.363252,42.000000,-412.000000,16598.000000,1.000000,1.000000,3.000000
-1.370473,-0.304561,57.367820,62.000000,-422.000000,16615.000000,0.000000,1.000000,1.000000
-1.429127,-0.198260,57.424244,49.000000,-413.000000,16617.000000,-1.000000,3.000000,0.000000
-1.416550,-0.196620,57.423070,55.000000,-399.000000,16636.000000,-1.000000,2.000000,1.000000
-1.396418,-0.236343,57.396629,65.000000,-416.000000,16606.000000,1.000000,1.000000,1.000000
-1.464892,-0.132286,57.462975,42.000000,-428.000000,16600.000000,0.000000,2.000000,2.000000
-1.473679,-0.110223,57.478183,34.000000,-423.000000,16608.000000,0.000000,2.000000,2.000000
-1.456599,-0.162326,57.441439,44.000000,-442.000000,16605.000000,-1.000000,2.000000,0.000000
-1.398526,-0.252547,57.373949,55.000000,-420.000000,16607.000000,-1.000000,3.000000,1.000000
-1.390874,-0.278641,57.344034,58.000000,-430.000000,16603.000000,0.000000,2.000000,1.000000
-1.451173,-0.186148,57.393619,42.000000,-435.000000,16620.000000,1.000000,2.000000,1.000000
-1.462341,-0.166308,57.410298,55.000000,-423.000000,16623.000000,1.000000,2.000000,2.000000
-1.436965,-0.216735,57.374582,59.000000,-429.000000,16603.000000,0.000000,2.000000,0.000000
-1.403025,-0.257526,57.339689,54.000000,-419.000000,16615.000000,2.000000,2.000000,3.000000
-1.429359,-0.209525,57.354371,39.000000,-429.000000,16590.000000,1.000000,3.000000,1.000000
-1.440018,-0.193255,57.353402,34.000000,-436.000000,16594.000000,1.000000,2.000000,3.000000
-1.442881,-0.185596,57.355244,53.000000,-419.000000,16601.000000,0.000000,2.000000,0.000000
-1.491350,-0.109103,57.407454,42.000000,-428.000000,16589.000000,0.000000,2.000000,1.000000
-1.434047,-0.204425,57.353730,68.000000,-416.000000,16623.000000,-1.000000,2.000000,1.000000
-1.384925,-0.287782,57.280199,50.000000,-432.000000,16619.000000,0.000000,2.000000,0.000000
-1.359455,-0.308729,57.240643,41.000000,-413.000000,16621.000000,-1.000000,1.000000,2.000000
-1.389517,-0.268411,57.241806,39.000000,-433.000000,16619.000000,-1.000000,2.000000,1.000000
-1.423430,-0.212065,57.259425,30.000000,-430.000000,16612.000000,-1.000000,1.000000,2.000000
-1.388976,-0.284983,57.190948,44.000000,-442.000000,16607.000000,0.000000,0.000000,0.000000
-1.447831,-0.222130,57.221532,51.000000,-452.000000,16621.000000,0.000000,3.000000,2.000000
-1.455493,-0.216339,57.210281,41.000000,-446.000000,16612.000000,1.000000,3.000000,1.000000
-1.467238,-0.205493,57.204145,39.000000,-446.000000,16602.000000,0.000000,2.000000,1.000000
-1.499521,-0.137104,57.239026,35.000000,-426.000000,16617.000000,-2.000000,3.000000,0.000000
-1.498512,-0.138797,57.231099,25.000000,-445.000000,16607.000000,-1.000000,2.000000,3.000000
-1.491361,-0.136817,57.221619,26.000000,-436.000000,16624.000000,1.000000,1.000000,-1.000000
-1.428300,-0.251554,57.147029,69.000000,-431.000000,16607.000000,0.000000,1.000000,0.000000
-1.475371,-0.179368,57.183270,37.000000,-444.000000,16606.000000,1.000000,3.000000,3.000000
-1.480555,-0.149565,57.202618,49.000000,-415.000000,16614.000000,0.000000,3.000000,1.000000
-1.491133,-0.124542,57.214611,39.000000,-426.000000,16590.000000,-1.000000,3.000000,-1.000000
-1.473339,-0.138401,57.208078,45.000000,-417.000000,16597.000000,0.000000,2.000000,1.000000
-1.423113,-0.188133,57.163807,34.000000,-411.000000,16596.000000,0.000000,3.000000,1.000000
-1.462181,-0.117974,57.206446,37.000000,-420.000000,16609.000000,0.000000,3.000000,1.000000
-1.439293,-0.161066,57.172685,35.000000,-432.000000,16576.000000,0.000000,2.000000,1.000000
-1.402861,-0.211287,57.125683,39.000000,-421.000000,16593.000000,0.000000,3.000000,1.000000
-1.408178,-0.203542,57.119816,45.000000,-420.000000,16602.000000,0.000000,2.000000,0.000000
-1.500323,-0.059877,57.214118,32.000000,-428.000000,16599.000000,-1.000000,2.000000,1.000000
-1.498008,-0.085502,57.210480,47.000000,-439.000000,16596.000000,1.000000,2.000000,1.000000
-1.446106,-0.137989,57.169707,28.000000,-415.000000,16604.000000,2.000000,2.000000,1.000000
-1.435992,-0.157140,57.151253,35.000000,-429.000000,16591.000000,0.000000,3.000000,2.000000
-1.421243,-0.181173,57.119242,32.000000,-431.000000,16567.000000,1.000000,3.000000,-1.000000
-1.418343,-0.204742,57.097441,51.000000,-434.000000,16603.000000,1.000000,2.000000,0.000000
-1.430145,-0.199835,57.091189,42.000000,-436.000000,16611.000000,1.000000,0.000000,0.000000
-1.453135,-0.178795,57.095982,37.000000,-445.000000,16600.000000,1.000000,2.000000,2.000000
-1.508776,-0.092920,57.151093,33.000000,-437.000000,16605.000000,0.000000,2.000000,1.000000
-1.507893,-0.102413,57.151570,42.000000,-437.000000,16599.000000,0.000000,2.000000,1.000000
-1.494803,-0.122536,57.139185,39.000000,-436.000000,16577.000000,1.000000,3.000000,1.000000
-1.468419,-0.149836,57.127759,54.000000,-416.000000,16598.000000,2.000000,2.000000,1.000000
-1.448688,-0.167082,57.105176,34.000000,-425.000000,16561.000000,1.000000,3.000000,0.000000
-1.496247,-0.091415,57.152119,27.000000,-437.000000,16575.000000,2.000000,1.000000,1.000000
-1.492150,-0.100505,57.151378,39.000000,-434.000000,16588.000000,2.000000,2.000000,1.000000
-1.474327,-0.144445,57.125561,41.000000,-440.000000,16586.000000,0.000000,1.000000,2.000000
-1.474288,-0.152155,57.116783,41.000000,-439.000000,16604.000000,1.000000,2.000000,0.000000
-1.449108,-0.181539,57.090574,39.000000,-428.000000,16611.000000,2.000000,1.000000,1.000000
-1.437656,-0.192897,57.075484,37.000000,-426.000000,16576.000000,1.000000,0.000000,2.000000
-1.495281,-0.101622,57.136763,37.000000,-431.000000,16591.000000,1.000000,1.000000,1.000000
-1.441333,-0.187368,57.080839,49.000000,-425.000000,16601.000000,0.000000,1.000000,1.000000
-1.464762,-0.129978,57.106761,25.000000,-425.000000,16627.000000,1.000000,3.000000,1.000000
-1.455616,-0.149511,57.092711,44.000000,-431.000000,16605.000000,1.000000,3.000000,1.000000
-1.488599,-0.103196,57.128439,49.000000,-427.000000,16598.000000,1.000000,2.000000,-1.000000
-1.483723,-0.109689,57.130703,40.000000,-424.000000,16602.000000,0.000000,0.000000,1.000000
-1.530212,-0.073417,57.164038,41.000000,-454.000000,16585.000000,-1.000000,1.000000,1.000000
-1.503402,-0.126304,57.134376,41.000000,-447.000000,16589.000000,2.000000,2.000000,2.000000
-1.464976,-0.173670,57.095296,37.000000,-430.000000,16602.000000,1.000000,2.000000,0.000000
-1.405114,-0.236368,57.040660,42.000000,-408.000000,16609.000000,0.000000,2.000000,1.000000
-1.427287,-0.196538,57.042901,21.000000,-434.000000,16587.000000,0.000000,1.000000,0.000000
-1.426283,-0.200377,57.021862,28.000000,-439.000000,16599.000000,1.000000,2.000000,1.000000
-1.440329,-0.198740,57.010599,38.000000,-448.000000,16592.000000,1.000000,2.000000,1.000000
-1.493554,-0.147553,57.048401,53.000000,-447.000000,16607.000000,-1.000000,1.000000,1.000000
-1.558744,-0.058741,57.125831,55.000000,-439.000000,16612.000000,-1.000000,3.000000,2.000000
-1.511954,-0.105727,57.097043,33.000000,-426.000000,16617.000000,1.000000,3.000000,1.000000
-1.447465,-0.181755,57.047757,53.000000,-408.000000,16604.000000,0.000000,3.000000,1.000000
-1.495021,-0.126482,57.086472,46.000000,-444.000000,16611.000000,0.000000,3.000000,2.000000
-1.432928,-0.209742,57.034183,57.000000,-414.000000,16623.000000,1.000000,1.000000,2.000000
-1.437919,-0.209227,57.032838,59.000000,-429.000000,16621.000000,1.000000,3.000000,2.000000
-1.413586,-0.251593,56.997813,63.000000,-425.000000,16628.000000,1.000000,2.000000,0.000000
-1.467670,-0.168075,57.047064,49.000000,-434.000000,16620.000000,2.000000,3.000000,1.000000
-1.490203,-0.140953,57.070406,51.000000,-434.000000,16631.000000,0.000000,2.000000,2.000000
-1.503443,-0.110950,57.095384,49.000000,-425.000000,16628.000000,1.000000,3.000000,0.000000
-1.468696,-0.168082,57.067838,62.000000,-423.000000,16630.000000,0.000000,2.000000,1.000000
-1.470576,-0.151520,57.079732,51.000000,-416.000000,16642.000000,0.000000,2.000000,0.000000
-1.421172,-0.238372,57.012515,48.000000,-440.000000,16625.000000,2.000000,1.000000,0.000000
-1.421510,-0.239717,57.000126,56.000000,-426.000000,16608.000000,0.000000,3.000000,0.000000
-1.427252,-0.236511,56.994705,58.000000,-430.000000,16620.000000,2.000000,1.000000,0.000000
-1.445485,-0.199631,56.999511,31.000000,-434.000000,16594.000000,0.000000,3.000000,1.000000
-1.459027,-0.173957,57.007765,39.000000,-434.000000,16621.000000,2.000000,2.000000,1.000000
-1.467510,-0.144534,57.030329,49.000000,-413.000000,16603.000000,1.000000,1.000000,1.000000
-1.474856,-0.134745,57.040259,52.000000,-427.000000,16619.000000,2.000000,2.000000,-1.000000
-1.498515,-0.091720,57.077595,47.000000,-420.000000,16617.000000,0.000000,2.000000,1.000000
-1.494712,-0.090626,57.079769,30.000000,-432.000000,16607.000000,1.000000,3.000000,2.000000
-1.491478,-0.105268,57.089311,59.000000,-423.000000,16580.000000,1.000000,1.000000,2.000000
-1.492976,-0.109548,57.108135,70.000000,-419.000000,16604.000000,2.000000,2.000000,1.000000
-1.535829,-0.044847,57.160450,40.000000,-433.000000,16589.000000,0.000000,3.000000,0.000000
-1.459742,-0.151663,57.087922,40.000000,-424.000000,16594.000000,1.000000,2.000000,-2.000000
-1.456154,-0.163151,57.085387,59.000000,-425.000000,16606.000000,2.000000,2.000000,0.000000
-1.519305,-0.072074,57.154572,41.000000,-436.000000,16615.000000,0.000000,2.000000,2.000000
-1.476282,-0.151170,57.112573,59.000000,-432.000000,16619.000000,1.000000,2.000000,0.000000
-1.484556,-0.168186,57.109616,63.000000,-447.000000,16580.000000,2.000000,2.000000,1.000000
-1.466103,-0.167845,57.083330,8.000000,-438.000000,16614.000000,1.000000,3.000000,1.000000
-1.431331,-0.202749,57.049502,37.000000,-420.000000,16632.000000,0.000000,2.000000,2.000000
-1.423768,-0.231644,57.014656,34.000000,-444.000000,16615.000000,0.000000,-2.000000,0.000000
-1.453238,-0.198350,57.036059,60.000000,-429.000000,16621.000000,-1.000000,2.000000,1.000000
-1.444874,-0.191827,57.034088,50.000000,-415.000000,16626.000000,2.000000,1.000000,-1.000000
-1.447772,-0.182307,57.042168,65.000000,-422.000000,16631.000000,4.000000,4.000000,0.000000
-1.444467,-0.158873,57.041198,28.000000,-420.000000,16603.000000,2.000000,4.000000,0.000000
-1.428390,-0.195520,57.012427,48.000000,-434.000000,16611.000000,1.000000,3.000000,2.000000
-1.474200,-0.117370,57.055295,31.000000,-432.000000,16588.000000,2.000000,3.000000,0.000000
-1.438602,-0.159837,57.021769,32.000000,-419.000000,16607.000000,-1.000000,2.000000,3.000000
-1.431660,-0.184353,56.999072,39.000000,-435.000000,16597.000000,0.000000,1.000000,1.000000
-1.400297,-0.230397,56.957644,49.000000,-422.000000,16594.000000,1.000000,3.000000,1.000000
-1.397544,-0.230772,56.938241,41.000000,-427.000000,16599.000000,2.000000,3.000000,0.000000
-1.419189,-0.200345,56.951402,50.000000,-424.000000,16613.000000,2.000000,1.000000,0.000000
-1.440020,-0.156325,56.982168,53.000000,-411.000000,16605.000000,2.000000,2.000000,1.000000
-1.423571,-0.169654,56.965910,40.000000,-410.000000,16637.000000,-2.000000,2.000000,0.000000
-1.431758,-0.127454,57.001531,55.000000,-391.000000,16644.000000,2.000000,2.000000,1.000000
-1.373096,-0.226307,56.933429,63.000000,-407.000000,16612.000000,-2.000000,3.000000,0.000000
-1.339344,-0.304552,56.862069,50.000000,-439.000000,16638.000000,2.000000,1.000000,1.000000
-1.378947,-0.232503,56.878028,18.000000,-429.000000,16613.000000,1.000000,2.000000,2.000000
-1.403849,-0.206196,56.874599,30.000000,-440.000000,16596.000000,1.000000,3.000000,1.000000
-1.378434,-0.258847,56.825751,50.000000,-427.000000,16617.000000,-1.000000,2.000000,1.000000
-1.455075,-0.141512,56.887055,23.000000,-441.000000,16600.000000,2.000000,2.000000,1.000000
-1.474423,-0.103723,56.913214,37.000000,-422.000000,16603.000000,1.000000,2.000000,1.000000
-1.482605,-0.080625,56.938461,39.000000,-413.000000,16621.000000,0.000000,0.000000,1.000000
-1.475537,-0.117603,56.920411,44.000000,-441.000000,16626.000000,0.000000,1.000000,0.000000
-1.506876,-0.067671,56.957735,34.000000,-433.000000,16627.000000,1.000000,3.000000,1.000000
-1.460971,-0.132562,56.925819,50.000000,-418.000000,16615.000000,2.000000,1.000000,2.000000
-1.467077,-0.131523,56.925159,40.000000,-431.000000,16631.000000,-1.000000,2.000000,0.000000
-1.477434,-0.104257,56.944540,36.000000,-422.000000,16628.000000,1.000000,2.000000,1.000000
-1.510959,-0.042104,57.001114,47.000000,-416.000000,16621.000000,2.000000,2.000000,0.000000
-1.495660,-0.070918,56.994286,43.000000,-425.000000,16626.000000,-1.000000,3.000000,1.000000
-1.494331,-0.076738,57.000768,41.000000,-427.000000,16638.000000,0.000000,2.000000,1.000000
-1.411751,-0.200899,56.908230,36.000000,-428.000000,16642.000000,0.000000,2.000000,0.000000
-1.450890,-0.149699,56.930866,30.000000,-440.000000,16605.000000,1.000000,2.000000,1.000000
-1.400783,-0.222098,56.864432,27.000000,-434.000000,16604.000000,2.000000,1.000000,1.000000
-1.453264,-0.156887,56.908841,54.000000,-431.000000,16599.000000,1.000000,2.000000,1.000000
-1.459599,-0.153716,56.907198,44.000000,-436.000000,16641.000000,1.000000,4.000000,1.000000
-1.420808,-0.213227,56.867285,61.000000,-416.000000,16626.000000,0.000000,2.000000,0.000000
-1.433183,-0.203982,56.867288,44.000000,-437.000000,16598.000000,2.000000,1.000000,3.000000
-1.430801,-0.202436,56.854611,42.000000,-426.000000,16583.000000,1.000000,2.000000,-1.000000
-1.415612,-0.208585,56.834952,30.000000,-418.000000,16602.000000,-1.000000,1.000000,2.000000
-1.468425,-0.140383,56.882265,49.000000,-435.000000,16615.000000,2.000000,1.000000,1.000000
-1.431502,-0.168318,56.856858,37.000000,-406.000000,16585.000000,1.000000,1.000000,0.000000
-1.398982,-0.207631,56.812825,27.000000,-424.000000,16631.000000,0.000000,2.000000,1.000000
-1.384847,-0.226038,56.776312,25.000000,-427.000000,16612.000000,-1.000000,2.000000,1.000000
-1.400201,-0.211543,56.769088,38.000000,-430.000000,16611.000000,0.000000,2.000000,0.000000
-1.416803,-0.188243,56.772182,39.000000,-426.000000,16600.000000,0.000000,3.000000,1.000000
-1.455134,-0.145367,56.794665,40.000000,-439.000000,16596.000000,2.000000,1.000000,-1.000000
-1.462222,-0.114841,56.808633,27.000000,-416.000000,16612.000000,0.000000,1.000000,0.000000
-1.472728,-0.100468,56.821683,45.000000,-420.000000,16621.000000,-1.000000,3.000000,-1.000000
-1.475321,-0.096677,56.827493,40.000000,-426.000000,16615.000000,1.000000,3.000000,0.000000
-1.419486,-0.167427,56.779917,45.000000,-412.000000,16619.000000,3.000000,1.000000,0.000000
-1.444607,-0.135978,56.797125,40.000000,-432.000000,16619.000000,3.000000,2.000000,0.000000
-1.498196,-0.060374,56.853893,32.000000,-430.000000,16602.000000,0.000000,0.000000,1.000000
-1.481820,-0.098217,56.833995,39.000000,-436.000000,16605.000000,1.000000,2.000000,0.000000
-1.465392,-0.142546,56.814237,51.000000,-433.000000,16603.000000,0.000000,1.000000,2.000000
-1.496115,-0.088072,56.842961,17.000000,-439.000000,16608.000000,1.000000,2.000000,2.000000
-1.467100,-0.127604,56.823537,49.000000,-422.000000,16605.000000,2.000000,3.000000,1.000000
-1.542061,-0.035579,56.895810,42.000000,-443.000000,16612.000000,-1.000000,1.000000,-1.000000
-1.528421,-0.039728,56.910362,40.000000,-417.000000,16581.000000,1.000000,2.000000,2.000000
-1.530749,-0.025311,56.940768,45.000000,-417.000000,16621.000000,1.000000,2.000000,1.000000
-1.523178,-0.023552,56.955557,34.000000,-421.000000,16596.000000,2.000000,2.000000,0.000000
-1.464376,-0.104526,56.904293,34.000000,-424.000000,16595.000000,2.000000,3.000000,0.000000
-1.445655,-0.135314,56.888234,46.000000,-419.000000,16616.000000,0.000000,2.000000,1.000000
-1.458621,-0.100879,56.913613,40.000000,-410.000000,16609.000000,0.000000,3.000000,1.000000
-1.516946,-0.020480,56.988391,52.000000,-424.000000,16626.000000,1.000000,3.000000,1.000000
-1.512780,-0.012046,57.026810,61.000000,-395.000000,16642.000000,0.000000,2.000000,1.000000
-1.500470,-0.036515,57.036973,53.000000,-415.000000,16627.000000,1.000000,1.000000,1.000000
-1.524485,-0.015697,57.081652,63.000000,-418.000000,16625.000000,-1.000000,3.000000,1.000000
-1.496280,-0.030712,57.082062,27.000000,-410.000000,16638.000000,2.000000,2.000000,1.000000
-1.416285,-0.134095,57.015260,42.000000,-403.000000,16644.000000,1.000000,3.000000,-1.000000
-1.415266,-0.134641,57.003841,20.000000,-422.000000,16633.000000,-1.000000,1.000000,1.000000
-1.453539,-0.084097,57.039509,37.000000,-424.000000,16640.000000,0.000000,3.000000,1.000000
-1.435498,-0.105472,57.026440,33.000000,-414.000000,16627.000000,1.000000,1.000000,0.000000
-1.435150,-0.096513,57.044936,49.000000,-401.000000,16623.000000,1.000000,2.000000,2.000000
-1.459643,-0.058954,57.086324,50.000000,-406.000000,16644.000000,0.000000,2.000000,1.000000
-1.464391,-0.048350,57.103435,36.000000,-412.000000,16657.000000,0.000000,2.000000,0.000000
-1.476189,-0.024682,57.128535,27.000000,-415.000000,16639.000000,0.000000,2.000000,1.000000
-1.490357,-0.017669,57.155663,45.000000,-427.000000,16634.000000,3.000000,3.000000,2.000000
-1.485239,-0.063251,57.144079,55.000000,-438.000000,16605.000000,1.000000,3.000000,-1.000000
-1.465793,-0.087840,57.133473,35.000000,-420.000000,16622.000000,1.000000,2.000000,1.000000
-1.451703,-0.076327,57.147234,35.000000,-395.000000,16624.000000,1.000000,2.000000,1.000000
-1.474538,-0.055767,57.178940,53.000000,-421.000000,16628.000000,2.000000,2.000000,0.000000
-1.503225,-0.005308,57.223923,27.000000,-420.000000,16618.000000,0.000000,3.000000,1.000000
-1.484155,-0.074475,57.202910,60.000000,-436.000000,16601.000000,0.000000,3.000000,2.000000
-1.505005,-0.042629,57.255301,75.000000,-400.000000,16619.000000,0.000000,2.000000,-1.000000
-1.456830,-0.107118,57.222869,48.000000,-407.000000,16621.000000,-1.000000,3.000000,1.000000
-1.464262,-0.089675,57.252809,61.000000,-403.000000,16617.000000,1.000000,2.000000,1.000000
-1.430717,-0.153566,57.221311,61.000000,-417.000000,16612.000000,1.000000,2.000000,0.000000
-1.438201,-0.171124,57.221837,66.000000,-428.000000,16631.000000,0.000000,1.000000,2.000000
-1.379341,-0.257105,57.163901,75.000000,-404.000000,16632.000000,2.000000,2.000000,-1.000000
-1.332634,-0.330258,57.101976,70.000000,-409.000000,16598.000000,1.000000,2.000000,0.000000
-1.314982,-0.360606,57.054805,63.000000,-417.000000,16621.000000,1.000000,3.000000,0.000000
-1.344756,-0.300397,57.079138,66.000000,-398.000000,16614.000000,0.000000,3.000000,2.000000
-1.378068,-0.242064,57.103769,57.000000,-408.000000,16631.000000,0.000000,3.000000,0.000000
-1.390554,-0.222803,57.112316,65.000000,-409.000000,16620.000000,1.000000,3.000000,0.000000
-1.388829,-0.233632,57.097687,60.000000,-420.000000,16645.000000,1.000000,3.000000,0.000000
-1.413249,-0.220721,57.107757,67.000000,-427.000000,16648.000000,0.000000,1.000000,1.000000
-1.419458,-0.179204,57.122975,41.000000,-402.000000,16651.000000,0.000000,3.000000,0.000000
-1.424856,-0.183718,57.125839,67.000000,-416.000000,16629.000000,0.000000,2.000000,0.000000
-1.429695,-0.166689,57.140763,62.000000,-408.000000,16646.000000,2.000000,3.000000,0.000000
-1.373530,-0.256528,57.065863,47.000000,-423.000000,16616.000000,1.000000,1.000000,-1.000000
-1.350863,-0.296340,57.023588,56.000000,-422.000000,16629.000000,2.000000,2.000000,2.000000
-1.350744,-0.269785,57.017582,44.000000,-402.000000,16629.000000,1.000000,3.000000,1.000000
-1.371061,-0.242512,57.019782,49.000000,-420.000000,16614.000000,1.000000,3.000000,1.000000
-1.388400,-0.231838,57.027179,66.000000,-416.000000,16602.000000,1.000000,0.000000,1.000000
-1.395335,-0.218693,57.028232,55.000000,-412.000000,16603.000000,0.000000,3.000000,1.000000
-1.418591,-0.185538,57.041888,46.000000,-426.000000,16610.000000,2.000000,3.000000,1.000000
-1.453263,-0.138032,57.081048,58.000000,-419.000000,16620.000000,1.000000,2.000000,1.000000
-1.464719,-0.127487,57.099283,61.000000,-422.000000,16617.000000,2.000000,3.000000,1.000000
-1.390017,-0.233946,57.020267,45.000000,-421.000000,16631.000000,2.000000,2.000000,2.000000
-1.364460,-0.284988,56.973526,59.000000,-427.000000,16642.000000,2.000000,2.000000,1.000000
-1.412613,-0.220152,57.001307,52.000000,-432.000000,16626.000000,2.000000,3.000000,-1.000000
-1.463846,-0.143635,57.058564,55.000000,-422.000000,16625.000000,1.000000,1.000000,2.000000
-1.382405,-0.263505,56.972583,60.000000,-413.000000,16627.000000,0.000000,2.000000,1.000000
-1.460177,-0.164124,57.038489,59.000000,-433.000000,16630.000000,0.000000,1.000000,0.000000
-1.451065,-0.173067,57.036247,57.000000,-419.000000,16622.000000,1.000000,3.000000,2.000000
-1.401812,-0.239197,56.981084,51.000000,-421.000000,16630.000000,2.000000,3.000000,1.000000
-1.438738,-0.180195,57.024047,67.000000,-410.000000,16639.000000,0.000000,2.000000,0.000000
-1.360930,-0.294821,56.937356,61.000000,-415.000000,16647.000000,1.000000,2.000000,2.000000
-1.355278,-0.267020,56.931753,43.000000,-398.000000,16649.000000,2.000000,2.000000,0.000000
-1.400889,-0.203945,56.975996,63.000000,-415.000000,16640.000000,2.000000,1.000000,3.000000
-1.413719,-0.176833,56.999060,64.000000,-404.000000,16638.000000,2.000000,2.000000,1.000000
-1.398582,-0.200590,56.983896,59.000000,-409.000000,16650.000000,0.000000,2.000000,1.000000
-1.432538,-0.156995,57.018173,62.000000,-412.000000,16629.000000,-1.000000,2.000000,0.000000
-1.397841,-0.201714,56.989165,63.000000,-402.000000,16642.000000,1.000000,2.000000,-1.000000
-1.419757,-0.174450,57.004619,54.000000,-420.000000,16622.000000,1.000000,3.000000,0.000000
-1.436439,-0.171636,57.018185,74.000000,-420.000000,16650.000000,0.000000,2.000000,0.000000
-1.448511,-0.156707,57.037119,64.000000,-412.000000,16617.000000,0.000000,1.000000,0.000000
-1.463206,-0.132367,57.057278,46.000000,-419.000000,16639.000000,-2.000000,3.000000,3.000000
-1.457036,-0.141701,57.059083,56.000000,-416.000000,16614.000000,1.000000,1.000000,0.000000
-1.498749,-0.080997,57.122937,68.000000,-414.000000,16639.000000,0.000000,3.000000,2.000000
-1.523443,-0.054073,57.170693,69.000000,-417.000000,16661.000000,0.000000,0.000000,0.000000
-1.519269,-0.063630,57.193654,64.000000,-418.000000,16661.000000,1.000000,1.000000,2.000000
-1.506214,-0.088025,57.193788,55.000000,-423.000000,16633.000000,-1.000000,3.000000,1.000000
-1.449056,-0.172567,57.137365,45.000000,-425.000000,16637.000000,0.000000,2.000000,1.000000
-1.453424,-0.155172,57.149643,49.000000,-416.000000,16628.000000,0.000000,3.000000,2.000000
-1.441223,-0.184667,57.133478,58.000000,-427.000000,16618.000000,1.000000,2.000000,1.000000
-1.452584,-0.173706,57.155918,76.000000,-417.000000,16611.000000,2.000000,3.000000,3.000000
-1.442839,-0.186754,57.156814,69.000000,-411.000000,16624.000000,1.000000,1.000000,1.000000
-1.360531,-0.292702,57.068130,46.000000,-413.000000,16637.000000,1.000000,2.000000,2.000000
-1.366590,-0.286834,57.058409,64.000000,-417.000000,16616.000000,1.000000,3.000000,1.000000
-1.389928,-0.253510,57.078156,76.000000,-406.000000,16615.000000,0.000000,2.000000,0.000000
-1.408944,-0.238483,57.090301,71.000000,-419.000000,16633.000000,0.000000,1.000000,2.000000
-1.467982,-0.135882,57.167071,66.000000,-406.000000,16641.000000,0.000000,2.000000,1.000000
-1.503205,-0.080204,57.224110,61.000000,-412.000000,16645.000000,-1.000000,1.000000,1.000000
-1.474427,-0.134500,57.198183,58.000000,-425.000000,16654.000000,-1.000000,3.000000,0.000000
-1.492962,-0.127642,57.210457,55.000000,-444.000000,16661.000000,2.000000,2.000000,0.000000
-1.458204,-0.175507,57.183234,56.000000,-422.000000,16628.000000,1.000000,3.000000,2.000000
-1.415833,-0.254306,57.130686,74.000000,-425.000000,16650.000000,0.000000,3.000000,0.000000
-1.444959,-0.194965,57.163040,55.000000,-416.000000,16642.000000,1.000000,2.000000,-1.000000
-1.425818,-0.195241,57.167074,63.000000,-396.000000,16612.000000,2.000000,2.000000,2.000000
-1.448030,-0.173011,57.185350,60.000000,-427.000000,16634.000000,1.000000,2.000000,1.000000
-1.452041,-0.148371,57.211570,61.000000,-406.000000,16624.000000,3.000000,2.000000,2.000000
-1.387599,-0.216345,57.158077,47.000000,-398.000000,16625.000000,1.000000,3.000000,1.000000
-1.363421,-0.258872,57.124442,63.000000,-411.000000,16641.000000,1.000000,1.000000,1.000000
-1.373469,-0.250098,57.120057,62.000000,-414.000000,16632.000000,0.000000,3.000000,0.000000
-1.379915,-0.255372,57.097002,50.000000,-433.000000,16652.000000,1.000000,3.000000,-1.000000
-1.336944,-0.318056,57.040744,69.000000,-406.000000,16648.000000,0.000000,3.000000,0.000000
-1.384549,-0.222709,57.090643,54.000000,-401.000000,16648.000000,1.000000,3.000000,1.000000
-1.398692,-0.234756,57.078917,65.000000,-431.000000,16607.000000,-1.000000,2.000000,0.000000
-1.446632,-0.144146,57.148442,68.000000,-395.000000,16644.000000,0.000000,1.000000,0.000000
-1.449018,-0.130522,57.166789,61.000000,-405.000000,16635.000000,1.000000,3.000000,0.000000
-1.408606,-0.167201,57.148833,58.000000,-388.000000,16632.000000,0.000000,2.000000,1.000000
-1.391522,-0.221152,57.125550,83.000000,-414.000000,16637.000000,1.000000,1.000000,0.000000
-1.390176,-0.234051,57.107386,50.000000,-424.000000,16634.000000,0.000000,1.000000,1.000000
-1.387489,-0.249924,57.089401,56.000000,-425.000000,16636.000000,1.000000,1.000000,2.000000
-1.401862,-0.226464,57.095899,58.000000,-417.000000,16634.000000,1.000000,3.000000,0.000000
-1.447774,-0.163507,57.141576,64.000000,-417.000000,16657.000000,-1.000000,2.000000,0.000000
-1.443750,-0.181176,57.142309,72.000000,-420.000000,16647.000000,2.000000,1.000000,1.000000
-1.398810,-0.253668,57.087143,60.000000,-420.000000,16616.000000,0.000000,2.000000,0.000000
-1.328803,-0.348379,57.007652,69.000000,-403.000000,16641.000000,1.000000,1.000000,0.000000
-1.410386,-0.232991,57.070582,49.000000,-431.000000,16631.000000,0.000000,1.000000,3.000000
-1.372756,-0.284950,57.037257,82.000000,-400.000000,16640.000000,1.000000,2.000000,1.000000
-1.435188,-0.180779,57.090680,38.000000,-428.000000,16628.000000,2.000000,2.000000,0.000000
-1.417840,-0.189822,57.078449,46.000000,-410.000000,16629.000000,1.000000,2.000000,1.000000
-1.382857,-0.239585,57.052764,72.000000,-400.000000,16609.000000,1.000000,1.000000,3.000000
-1.387498,-0.213447,57.063201,49.000000,-401.000000,16633.000000,0.000000,2.000000,3.000000
-1.397911,-0.217748,57.055664,56.000000,-426.000000,16622.000000,-1.000000,3.000000,2.000000
-1.399363,-0.239129,57.042015,75.000000,-427.000000,16650.000000,2.000000,3.000000,0.000000
-1.440145,-0.160588,57.089111,47.000000,-410.000000,16640.000000,-1.000000,3.000000,1.000000
-1.409741,-0.199486,57.058624,56.000000,-413.000000,16631.000000,2.000000,3.000000,-1.000000
-1.396782,-0.236185,57.032728,63.000000,-425.000000,16622.000000,1.000000,2.000000,2.000000
-1.412012,-0.196455,57.054137,51.000000,-406.000000,16650.000000,0.000000,2.000000,2.000000
-1.493148,-0.053625,57.158595,43.000000,-413.000000,16655.000000,2.000000,1.000000,1.000000
-1.435880,-0.152835,57.111097,72.000000,-409.000000,16617.000000,0.000000,2.000000,0.000000
-1.401559,-0.220584,57.069085,67.000000,-421.000000,16643.000000,2.000000,1.000000,0.000000
-1.403702,-0.220885,57.059406,50.000000,-424.000000,16619.000000,2.000000,1.000000,0.000000
-1.418946,-0.217944,57.063695,67.000000,-425.000000,16639.000000,0.000000,1.000000,1.000000
-1.382002,-0.280433,57.001240,43.000000,-435.000000,16607.000000,1.000000,2.000000,1.000000
-1.398267,-0.264959,57.010219,82.000000,-415.000000,16633.000000,1.000000,3.000000,0.000000
-1.401999,-0.266360,57.006245,73.000000,-418.000000,16611.000000,0.000000,3.000000,2.000000
-1.420542,-0.223877,57.021726,49.000000,-418.000000,16609.000000,2.000000,1.000000,0.000000
-1.445056,-0.203639,57.038970,69.000000,-430.000000,16644.000000,1.000000,2.000000,1.000000
-1.409902,-0.243423,57.004676,58.000000,-412.000000,16608.000000,1.000000,2.000000,0.000000
-1.353671,-0.311599,56.944797,61.000000,-405.000000,16616.000000,1.000000,2.000000,2.000000
-1.399923,-0.231100,56.980092,47.000000,-423.000000,16624.000000,3.000000,3.000000,1.000000
-1.395624,-0.253896,56.957848,61.000000,-427.000000,16624.000000,0.000000,2.000000,1.000000
-1.447047,-0.162185,57.027342,76.000000,-398.000000,16628.000000,0.000000,3.000000,0.000000
-1.421503,-0.209586,56.985410,44.000000,-439.000000,16617.000000,3.000000,3.000000,1.000000
-1.440147,-0.186766,56.998387,54.000000,-427.000000,16638.000000,1.000000,2.000000,1.000000
-1.437857,-0.180341,57.006235,65.000000,-408.000000,16622.000000,1.000000,3.000000,0.000000
-1.456259,-0.151574,57.029150,57.000000,-420.000000,16631.000000,1.000000,3.000000,1.000000
-1.442421,-0.183663,57.011195,60.000000,-426.000000,16642.000000,0.000000,3.000000,1.000000
-1.451817,-0.133280,57.042623,48.000000,-401.000000,16602.000000,4.000000,2.000000,-2.000000
-1.424124,-0.180730,57.015345,60.000000,-416.000000,16612.000000,1.000000,2.000000,0.000000
-1.392947,-0.220200,56.980588,51.000000,-414.000000,16638.000000,2.000000,2.000000,0.000000
-1.425041,-0.194020,57.006241,76.000000,-425.000000,16643.000000,2.000000,3.000000,1.000000
-1.381990,-0.245544,56.957912,53.000000,-408.000000,16649.000000,0.000000,3.000000,-1.000000
-1.369675,-0.256901,56.933962,47.000000,-415.000000,16625.000000,1.000000,2.000000,1.000000
-1.447516,-0.150558,57.009249,59.000000,-426.000000,16648.000000,1.000000,2.000000,2.000000
-1.431492,-0.163404,57.003422,57.000000,-403.000000,16624.000000,-1.000000,3.000000,0.000000
-1.438463,-0.173295,56.997140,49.000000,-433.000000,16626.000000,-1.000000,2.000000,2.000000
-1.462637,-0.147047,57.023050,64.000000,-420.000000,16641.000000,0.000000,1.000000,-1.000000
-1.460272,-0.166893,57.019265,64.000000,-428.000000,16605.000000,0.000000,3.000000,2.000000
-1.413523,-0.250967,56.965440,75.000000,-422.000000,16632.000000,0.000000,3.000000,1.000000
-1.478608,-0.115014,57.046165,34.000000,-414.000000,16620.000000,2.000000,3.000000,-1.000000
-1.470474,-0.112143,57.048146,37.000000,-418.000000,16629.000000,1.000000,2.000000,0.000000
-1.442575,-0.153413,57.025187,52.000000,-418.000000,16603.000000,1.000000,3.000000,1.000000
-1.458290,-0.143543,57.034956,47.000000,-434.000000,16623.000000,1.000000,2.000000,2.000000
-1.396420,-0.236397,56.969101,59.000000,-414.000000,16636.000000,0.000000,2.000000,-1.000000
-1.380177,-0.257070,56.948765,59.000000,-415.000000,16644.000000,2.000000,2.000000,3.000000
-1.411937,-0.189118,56.976853,35.000000,-415.000000,16647.000000,1.000000,2.000000,0.000000
-1.420163,-0.190185,56.987825,76.000000,-412.000000,16631.000000,0.000000,3.000000,2.000000
-1.403871,-0.213236,56.971340,60.000000,-412.000000,16629.000000,1.000000,2.000000,1.000000
-1.385003,-0.260905,56.937033,72.000000,-420.000000,16626.000000,0.000000,2.000000,0.000000
-1.418710,-0.195859,56.966608,45.000000,-417.000000,16645.000000,1.000000,3.000000,0.000000
-1.404844,-0.211077,56.950106,53.000000,-412.000000,16642.000000,0.000000,2.000000,0.000000
-1.370375,-0.258004,56.911582,66.000000,-405.000000,16652.000000,1.000000,2.000000,-1.000000
-1.392502,-0.229964,56.923381,57.000000,-418.000000,16633.000000,1.000000,1.000000,1.000000
-1.418954,-0.201745,56.943652,61.000000,-417.000000,16632.000000,-1.000000,0.000000,1.000000
-1.446775,-0.147103,56.979762,47.000000,-411.000000,16638.000000,0.000000,1.000000,1.000000
-1.477280,-0.113193,57.023250,71.000000,-415.000000,16638.000000,0.000000,1.000000,1.000000
-1.438248,-0.172997,56.987423,55.000000,-418.000000,16612.000000,0.000000,3.000000,1.000000
-1.411011,-0.206908,56.963238,54.000000,-409.000000,16631.000000,-1.000000,2.000000,2.000000
-1.442080,-0.167364,56.995852,69.000000,-417.000000,16627.000000,1.000000,3.000000,0.000000
-1.432683,-0.197386,56.982926,68.000000,-422.000000,16624.000000,0.000000,2.000000,1.000000
-1.480176,-0.151171,57.026750,71.000000,-434.000000,16624.000000,1.000000,1.000000,0.000000
-1.534668,-0.060813,57.107165,66.000000,-418.000000,16640.000000,1.000000,3.000000,1.000000
-1.509413,-0.104717,57.102863,71.000000,-417.000000,16649.000000,0.000000,1.000000,0.000000
-1.496752,-0.125299,57.103675,61.000000,-424.000000,16638.000000,1.000000,2.000000,1.000000
-1.477091,-0.162280,57.091022,73.000000,-422.000000,16620.000000,1.000000,3.000000,-1.000000
-1.456411,-0.163538,57.099241,60.000000,-395.000000,16622.000000,0.000000,1.000000,2.000000
-1.402974,-0.237824,57.047592,64.000000,-413.000000,16610.000000,2.000000,3.000000,0.000000
-1.429595,-0.171335,57.090679,55.000000,-403.000000,16643.000000,2.000000,3.000000,2.000000
-1.432282,-0.165703,57.096548,56.000000,-418.000000,16651.000000,2.000000,3.000000,1.000000
-1.388443,-0.249920,57.040662,68.000000,-424.000000,16627.000000,1.000000,3.000000,1.000000
-1.405883,-0.208963,57.050192,40.000000,-416.000000,16637.000000,0.000000,3.000000,0.000000
-1.344666,-0.300158,56.983693,72.000000,-403.000000,16616.000000,0.000000,3.000000,2.000000
-1.361253,-0.279366,56.984959,65.000000,-415.000000,16643.000000,1.000000,3.000000,1.000000
-1.408835,-0.207228,57.026113,49.000000,-421.000000,16641.000000,1.000000,1.000000,3.000000
-1.348949,-0.290651,56.954427,55.000000,-409.000000,16636.000000,0.000000,2.000000,0.000000
-1.359625,-0.276947,56.949660,64.000000,-411.000000,16629.000000,0.000000,3.000000,0.000000
-1.366939,-0.262993,56.939340,50.000000,-420.000000,16634.000000,2.000000,3.000000,0.000000
-1.389234,-0.206941,56.982940,74.000000,-384.000000,16662.000000,1.000000,1.000000,1.000000
-1.401741,-0.197499,57.000836,80.000000,-403.000000,16660.000000,1.000000,1.000000,0.000000
-1.384373,-0.218707,56.976839,47.000000,-416.000000,16648.000000,2.000000,2.000000,1.000000
-1.369855,-0.249615,56.949095,64.000000,-415.000000,16629.000000,1.000000,3.000000,0.000000
-1.366282,-0.263537,56.924344,51.000000,-422.000000,16639.000000,0.000000,2.000000,1.000000
-1.436216,-0.171170,56.989753,65.000000,-423.000000,16629.000000,1.000000,2.000000,1.000000
-1.440389,-0.177890,56.995883,73.000000,-416.000000,16639.000000,0.000000,2.000000,0.000000
-1.432539,-0.177090,57.003320,63.000000,-401.000000,16635.000000,0.000000,1.000000,1.000000
-1.501182,-0.076069,57.075620,43.000000,-433.000000,16636.000000,1.000000,3.000000,1.000000
-1.439954,-0.144206,57.038159,46.000000,-400.000000,16656.000000,0.000000,1.000000,3.000000
-1.433672,-0.168907,57.022553,50.000000,-429.000000,16651.000000,0.000000,2.000000,1.000000
-1.444120,-0.157842,57.032933,56.000000,-417.000000,16643.000000,-1.000000,2.000000,0.000000
-1.453817,-0.150867,57.047862,61.000000,-421.000000,16634.000000,1.000000,2.000000,2.000000
-1.460752,-0.140896,57.057357,50.000000,-421.000000,16647.000000,-1.000000,3.000000,1.000000
-1.407244,-0.224587,57.005218,69.000000,-412.000000,16646.000000,0.000000,3.000000,0.000000
-1.431047,-0.194781,57.023217,57.000000,-424.000000,16640.000000,0.000000,3.000000,2.000000
-1.366548,-0.289927,56.947644,57.000000,-415.000000,16643.000000,0.000000,1.000000,1.000000
-1.372268,-0.290258,56.934329,68.000000,-421.000000,16630.000000,1.000000,3.000000,0.000000
-1.345608,-0.316354,56.890170,49.000000,-416.000000,16649.000000,2.000000,2.000000,0.000000
-1.425901,-0.193010,56.959015,47.000000,-420.000000,16609.000000,-1.000000,1.000000,0.000000
-1.415085,-0.212439,56.939256,48.000000,-425.000000,16630.000000,1.000000,1.000000,1.000000
-1.409060,-0.222777,56.936598,73.000000,-408.000000,16645.000000,1.000000,1.000000,0.000000
-1.396812,-0.230961,56.923585,60.000000,-407.000000,16641.000000,0.000000,3.000000,0.000000
-1.370860,-0.259216,56.900396,66.000000,-396.000000,16621.000000,0.000000,0.000000,0.000000
-1.407300,-0.187372,56.937088,42.000000,-411.000000,16643.000000,1.000000,2.000000,1.000000
-1.405811,-0.169622,56.953669,58.000000,-394.000000,16629.000000,2.000000,1.000000,1.000000
-1.382149,-0.216928,56.918244,56.000000,-420.000000,16649.000000,1.000000,3.000000,1.000000
-1.391515,-0.221416,56.906770,58.000000,-423.000000,16638.000000,-1.000000,3.000000,-1.000000
-1.465846,-0.109553,56.988564,61.000000,-415.000000,16639.000000,1.000000,2.000000,-1.000000
-1.431539,-0.155383,56.959927,51.000000,-411.000000,16627.000000,0.000000,3.000000,0.000000
-1.425507,-0.154647,56.957766,49.000000,-406.000000,16624.000000,-1.000000,3.000000,-1.000000
-1.450401,-0.130656,56.984646,58.000000,-422.000000,16660.000000,1.000000,1.000000,1.000000
-1.492152,-0.083299,57.033015,59.000000,-429.000000,16646.000000,1.000000,3.000000,2.000000
-1.458734,-0.117034,57.032421,70.000000,-391.000000,16646.000000,0.000000,2.000000,1.000000
-1.467804,-0.116156,57.044643,62.000000,-425.000000,16651.000000,2.000000,3.000000,-1.000000
-1.440717,-0.176090,57.009711,59.000000,-431.000000,16653.000000,1.000000,2.000000,0.000000
-1.456571,-0.147757,57.022860,39.000000,-427.000000,16645.000000,0.000000,3.000000,1.000000
-1.431140,-0.184918,56.994804,51.000000,-419.000000,16646.000000,0.000000,2.000000,-1.000000
-1.434605,-0.205612,56.989110,71.000000,-430.000000,16627.000000,1.000000,1.000000,1.000000
-1.468794,-0.144777,57.029445,51.000000,-421.000000,16641.000000,2.000000,1.000000,-1.000000
-1.445315,-0.182529,57.003511,52.000000,-426.000000,16630.000000,1.000000,2.000000,0.000000
-1.433144,-0.176341,57.000099,41.000000,-407.000000,16631.000000,0.000000,1.000000,0.000000
-1.441317,-0.144850,57.021801,46.000000,-409.000000,16655.000000,2.000000,1.000000,1.000000
-1.415146,-0.168738,56.995200,33.000000,-418.000000,16629.000000,2.000000,3.000000,1.000000
-1.401030,-0.189135,56.974090,40.000000,-417.000000,16632.000000,0.000000,1.000000,1.000000
-1.449714,-0.112206,57.026483,45.000000,-415.000000,16637.000000,0.000000,2.000000,0.000000
-1.491731,-0.047759,57.090518,60.000000,-409.000000,16624.000000,1.000000,2.000000,0.000000
-1.446103,-0.116718,57.063539,64.000000,-404.000000,16630.000000,1.000000,2.000000,0.000000
-1.508756,-0.034806,57.131817,49.000000,-429.000000,16633.000000,1.000000,2.000000,-1.000000
-1.473396,-0.098363,57.106719,56.000000,-420.000000,16629.000000,0.000000,3.000000,1.000000
-1.498844,-0.087733,57.135965,67.000000,-434.000000,16640.000000,1.000000,3.000000,1.000000
-1.502238,-0.078073,57.164312,65.000000,-411.000000,16623.000000,2.000000,1.000000,-1.000000
-1.489721,-0.107077,57.160791,55.000000,-427.000000,16638.000000,1.000000,1.000000,1.000000
-1.455366,-0.125790,57.156979,51.000000,-396.000000,16644.000000,1.000000,3.000000,2.000000
-1.456347,-0.121740,57.180070,74.000000,-402.000000,16629.000000,1.000000,3.000000,1.000000
-1.446350,-0.161095,57.165232,69.000000,-428.000000,16649.000000,1.000000,3.000000,0.000000
-1.452310,-0.154590,57.180084,67.000000,-415.000000,16630.000000,1.000000,3.000000,1.000000
-1.441396,-0.160014,57.177871,50.000000,-413.000000,16634.000000,1.000000,2.000000,1.000000
-1.417475,-0.203743,57.154611,67.000000,-418.000000,16645.000000,2.000000,2.000000,1.000000
-1.459157,-0.139655,57.206528,65.000000,-414.000000,16650.000000,1.000000,2.000000,0.000000
-1.424992,-0.181742,57.175688,45.000000,-415.000000,16635.000000,1.000000,1.000000,1.000000
-1.436862,-0.171683,57.190444,68.000000,-417.000000,16635.000000,1.000000,3.000000,1.000000
-1.407170,-0.242672,57.147599,71.000000,-429.000000,16634.000000,1.000000,1.000000,1.000000
-1.402044,-0.249368,57.126669,48.000000,-425.000000,16645.000000,0.000000,2.000000,0.000000
-1.443958,-0.190389,57.173238,73.000000,-417.000000,16636.000000,1.000000,2.000000,1.000000
-1.487377,-0.146141,57.209807,56.000000,-444.000000,16623.000000,2.000000,1.000000,2.000000
-1.506227,-0.085850,57.254258,40.000000,-408.000000,16637.000000,-1.000000,2.000000,1.000000
-1.464968,-0.144926,57.221897,56.000000,-419.000000,16631.000000,1.000000,3.000000,0.000000
-1.484145,-0.128520,57.245676,64.000000,-427.000000,16643.000000,0.000000,3.000000,1.000000
-1.482784,-0.137042,57.251259,60.000000,-425.000000,16655.000000,0.000000,2.000000,1.000000
-1.467259,-0.174907,57.232746,61.000000,-432.000000,16632.000000,1.000000,1.000000,0.000000
-1.446108,-0.192968,57.218622,55.000000,-415.000000,16629.000000,1.000000,2.000000,0.000000
-1.448055,-0.181856,57.224075,54.000000,-418.000000,16632.000000,0.000000,3.000000,1.000000
-1.435607,-0.199992,57.212856,60.000000,-414.000000,16629.000000,-1.000000,1.000000,0.000000
-1.432624,-0.198648,57.208049,54.000000,-421.000000,16596.000000,2.000000,3.000000,0.000000
-1.445734,-0.183704,57.226857,74.000000,-414.000000,16608.000000,1.000000,2.000000,0.000000
-1.416600,-0.230026,57.189710,55.000000,-422.000000,16610.000000,0.000000,2.000000,1.000000
-1.409475,-0.247332,57.170680,60.000000,-428.000000,16598.000000,2.000000,3.000000,2.000000
-1.441472,-0.195902,57.198966,56.000000,-423.000000,16602.000000,1.000000,3.000000,0.000000
-1.458056,-0.159434,57.233491,69.000000,-407.000000,16611.000000,1.000000,3.000000,2.000000
-1.407892,-0.237803,57.180463,64.000000,-415.000000,16627.000000,-1.000000,3.000000,1.000000
-1.378983,-0.274881,57.147564,69.000000,-407.000000,16660.000000,0.000000,3.000000,0.000000
-1.336243,-0.325802,57.085150,45.000000,-414.000000,16651.000000,0.000000,2.000000,0.000000
-1.345679,-0.311495,57.074982,60.000000,-419.000000,16630.000000,3.000000,2.000000,1.000000
-1.374331,-0.269924,57.094106,68.000000,-414.000000,16653.000000,1.000000,3.000000,2.000000
-1.446874,-0.159206,57.171008,64.000000,-416.000000,16663.000000,0.000000,3.000000,1.000000
-1.437750,-0.169397,57.163961,54.000000,-414.000000,16651.000000,-1.000000,3.000000,0.000000
-1.438970,-0.190204,57.153639,63.000000,-436.000000,16636.000000,2.000000,3.000000,1.000000
-1.436788,-0.200348,57.143011,57.000000,-425.000000,16632.000000,0.000000,2.000000,-1.000000
-1.420904,-0.208769,57.138895,64.000000,-406.000000,16636.000000,2.000000,2.000000,1.000000
-1.446398,-0.166552,57.167931,53.000000,-420.000000,16638.000000,1.000000,2.000000,2.000000
-1.401788,-0.255348,57.104581,63.000000,-430.000000,16654.000000,-1.000000,2.000000,0.000000
-1.428797,-0.218437,57.119538,56.000000,-427.000000,16640.000000,0.000000,3.000000,0.000000
-1.468155,-0.142075,57.170450,51.000000,-414.000000,16629.000000,0.000000,3.000000,1.000000
-1.421211,-0.219123,57.114666,51.000000,-431.000000,16646.000000,1.000000,3.000000,2.000000
-1.468227,-0.148008,57.162260,53.000000,-422.000000,16626.000000,-1.000000,2.000000,0.000000
-1.471585,-0.132980,57.179200,53.000000,-417.000000,16625.000000,1.000000,3.000000,2.000000
-1.476252,-0.110402,57.207418,55.000000,-409.000000,16637.000000,2.000000,1.000000,1.000000
-1.443832,-0.156337,57.193293,72.000000,-400.000000,16617.000000,0.000000,1.000000,0.000000
-1.412486,-0.204634,57.163566,61.000000,-413.000000,16631.000000,0.000000,3.000000,2.000000
-1.425162,-0.170543,57.192793,63.000000,-399.000000,16640.000000,1.000000,1.000000,1.000000
-1.468198,-0.134089,57.240267,81.000000,-423.000000,16639.000000,0.000000,2.000000,2.000000
-1.456153,-0.161848,57.234259,67.000000,-422.000000,16639.000000,1.000000,3.000000,2.000000
-1.425507,-0.207630,57.217371,83.000000,-404.000000,16636.000000,1.000000,3.000000,1.000000
-1.413419,-0.226927,57.205581,67.000000,-416.000000,16637.000000,1.000000,3.000000,2.000000
-1.394564,-0.262065,57.179220,63.000000,-416.000000,16645.000000,-1.000000,0.000000,2.000000
-1.377565,-0.298910,57.148991,76.000000,-417.000000,16637.000000,0.000000,2.000000,1.000000
-1.385467,-0.257705,57.159523,53.000000,-402.000000,16611.000000,1.000000,3.000000,1.000000
-1.407599,-0.234747,57.173460,69.000000,-420.000000,16620.000000,1.000000,2.000000,1.000000
-1.385109,-0.272934,57.140065,68.000000,-416.000000,16615.000000,1.000000,2.000000,0.000000
-1.362603,-0.296835,57.105308,55.000000,-418.000000,16614.000000,3.000000,3.000000,1.000000
-1.383877,-0.267280,57.109763,56.000000,-425.000000,16626.000000,3.000000,1.000000,0.000000
-1.401703,-0.224179,57.134667,64.000000,-403.000000,16628.000000,1.000000,3.000000,2.000000
-1.370498,-0.274100,57.095643,69.000000,-410.000000,16625.000000,0.000000,3.000000,1.000000
-1.396219,-0.252505,57.102651,66.000000,-426.000000,16624.000000,0.000000,3.000000,1.000000
-1.412046,-0.222539,57.108737,48.000000,-422.000000,16626.000000,2.000000,1.000000,-1.000000
-1.356721,-0.297920,57.044751,62.000000,-409.000000,16618.000000,0.000000,4.000000,1.000000
-1.383643,-0.230580,57.072178,44.000000,-405.000000,16629.000000,1.000000,3.000000,2.000000
-1.369995,-0.260183,57.038404,56.000000,-420.000000,16619.000000,0.000000,3.000000,0.000000
-1.416117,-0.202037,57.079558,70.000000,-418.000000,16645.000000,1.000000,2.000000,1.000000
-1.425215,-0.171608,57.096863,49.000000,-408.000000,16639.000000,1.000000,2.000000,1.000000
-1.417373,-0.180672,57.101534,76.000000,-398.000000,16632.000000,0.000000,3.000000,0.000000
-1.411895,-0.196082,57.091591,55.000000,-420.000000,16615.000000,1.000000,2.000000,2.000000
-1.388404,-0.219534,57.079938,67.000000,-400.000000,16626.000000,2.000000,3.000000,3.000000
-1.411137,-0.191888,57.096063,56.000000,-423.000000,16629.000000,3.000000,2.000000,1.000000
-1.335966,-0.305622,57.016812,74.000000,-401.000000,16627.000000,1.000000,1.000000,1.000000
-1.363209,-0.293548,57.023091,82.000000,-420.000000,16605.000000,0.000000,2.000000,2.000000
-1.349362,-0.305321,56.997356,52.000000,-413.000000,16622.000000,2.000000,0.000000,2.000000
-1.311485,-0.357976,56.942884,69.000000,-406.000000,16615.000000,1.000000,3.000000,1.000000
-1.374924,-0.248625,57.005974,64.000000,-401.000000,16636.000000,1.000000,1.000000,1.000000
-1.333737,-0.294416,56.965423,71.000000,-389.000000,16633.000000,0.000000,3.000000,0.000000
-1.324400,-0.318295,56.932568,66.000000,-412.000000,16618.000000,0.000000,3.000000,1.000000
-1.302708,-0.342015,56.901606,67.000000,-398.000000,16619.000000,2.000000,1.000000,3.000000
-1.398679,-0.191535,56.994639,60.000000,-408.000000,16620.000000,1.000000,2.000000,0.000000
-1.405038,-0.186547,56.995795,52.000000,-420.000000,16618.000000,2.000000,3.000000,2.000000
-1.385563,-0.224097,56.967609,61.000000,-416.000000,16627.000000,1.000000,3.000000,1.000000
-1.382008,-0.213707,56.966350,55.000000,-402.000000,16603.000000,2.000000,3.000000,0.000000
-1.368422,-0.254109,56.938657,70.000000,-415.000000,16623.000000,-1.000000,3.000000,2.000000
-1.436547,-0.147420,57.010699,54.000000,-418.000000,16642.000000,2.000000,3.000000,2.000000
-1.439236,-0.162271,57.013194,73.000000,-416.000000,16639.000000,-1.000000,3.000000,0.000000
-1.468222,-0.126178,57.049658,64.000000,-417.000000,16647.000000,-1.000000,3.000000,1.000000
-1.430759,-0.206331,57.005067,68.000000,-429.000000,16644.000000,0.000000,2.000000,2.000000
-1.411785,-0.219104,56.993158,56.000000,-408.000000,16622.000000,1.000000,2.000000,2.000000
-1.395654,-0.226037,56.980655,58.000000,-402.000000,16638.000000,0.000000,3.000000,0.000000
-1.449954,-0.128068,57.050180,55.000000,-406.000000,16646.000000,1.000000,2.000000,1.000000
-1.412862,-0.194912,57.004120,53.000000,-424.000000,16623.000000,1.000000,2.000000,0.000000
-1.379995,-0.265994,56.946428,59.000000,-430.000000,16631.000000,0.000000,2.000000,0.000000
-1.399562,-0.232242,56.955517,51.000000,-418.000000,16618.000000,0.000000,3.000000,1.000000
-1.361834,-0.258481,56.919532,45.000000,-400.000000,16649.000000,1.000000,3.000000,1.000000
-1.404589,-0.220084,56.944953,66.000000,-429.000000,16652.000000,1.000000,1.000000,1.000000
-1.399344,-0.205928,56.935408,35.000000,-413.000000,16629.000000,1.000000,3.000000,0.000000
-1.428072,-0.162777,56.966838,56.000000,-415.000000,16607.000000,1.000000,3.000000,2.000000
-1.425145,-0.160287,56.969807,53.000000,-411.000000,16622.000000,2.000000,2.000000,0.000000
-1.373701,-0.242307,56.914689,67.000000,-410.000000,16638.000000,1.000000,3.000000,1.000000
-1.445785,-0.116256,56.995403,41.000000,-412.000000,16638.000000,2.000000,1.000000,0.000000
-1.434221,-0.137203,56.996588,63.000000,-406.000000,16629.000000,0.000000,2.000000,2.000000
-1.421414,-0.134381,56.995895,39.000000,-400.000000,16636.000000,0.000000,2.000000,0.000000
-1.352683,-0.255050,56.912218,59.000000,-419.000000,16631.000000,0.000000,3.000000,3.000000
-1.398047,-0.201126,56.952431,69.000000,-418.000000,16610.000000,3.000000,2.000000,2.000000
-1.454757,-0.113629,57.011240,45.000000,-420.000000,16634.000000,1.000000,2.000000,0.000000
-1.412929,-0.206977,56.955042,68.000000,-426.000000,16620.000000,-1.000000,2.000000,0.000000
-1.394251,-0.220630,56.937007,49.000000,-407.000000,16631.000000,0.000000,2.000000,1.000000
-1.372017,-0.242925,56.914223,59.000000,-401.000000,16602.000000,0.000000,3.000000,1.000000
-1.419171,-0.173927,56.960172,58.000000,-415.000000,16646.000000,1.000000,2.000000,1.000000
-1.426658,-0.162402,56.972386,53.000000,-412.000000,16642.000000,0.000000,1.000000,2.000000
-1.415650,-0.191682,56.952908,51.000000,-424.000000,16635.000000,0.000000,1.000000,2.000000
-1.419161,-0.201920,56.944333,59.000000,-425.000000,16632.000000,0.000000,2.000000,0.000000
-1.458492,-0.156655,56.976227,54.000000,-431.000000,16628.000000,0.000000,2.000000,1.000000
-1.468498,-0.149584,56.997712,67.000000,-416.000000,16626.000000,-1.000000,1.000000,3.000000
-1.395129,-0.251833,56.930846,70.000000,-404.000000,16637.000000,0.000000,2.000000,1.000000
-1.372713,-0.266482,56.900880,46.000000,-411.000000,16659.000000,1.000000,2.000000,0.000000
-1.427762,-0.212279,56.932750,63.000000,-439.000000,16628.000000,1.000000,2.000000,0.000000
-1.441081,-0.166628,56.949684,35.000000,-420.000000,16642.000000,3.000000,3.000000,0.000000
-1.421220,-0.208322,56.917970,52.000000,-429.000000,16643.000000,0.000000,2.000000,1.000000
-1.449307,-0.169532,56.944814,59.000000,-422.000000,16628.000000,1.000000,2.000000,0.000000
-1.435648,-0.200417,56.927020,64.000000,-424.000000,16641.000000,0.000000,3.000000,1.000000
-1.467632,-0.143459,56.970120,55.000000,-414.000000,16635.000000,0.000000,1.000000,1.000000
-1.471810,-0.134915,56.987226,65.000000,-415.000000,16634.000000,1.000000,3.000000,0.000000
-1.458606,-0.138252,56.986488,42.000000,-414.000000,16633.000000,1.000000,1.000000,1.000000
-1.459341,-0.115807,57.012654,54.000000,-400.000000,16655.000000,1.000000,1.000000,1.000000
-1.439549,-0.144655,57.002749,55.000000,-414.000000,16645.000000,2.000000,1.000000,1.000000
-1.416482,-0.164455,56.983183,39.000000,-412.000000,16625.000000,1.000000,3.000000,1.000000
-1.419237,-0.169483,56.983761,62.000000,-417.000000,16651.000000,2.000000,2.000000,-1.000000
-1.456021,-0.104184,57.033887,47.000000,-412.000000,16635.000000,2.000000,1.000000,1.000000
-1.401234,-0.203081,56.967357,53.000000,-428.000000,16637.000000,1.000000,3.000000,2.000000
-1.464554,-0.130484,57.029500,70.000000,-425.000000,16633.000000,0.000000,2.000000,1.000000
-1.487856,-0.105856,57.066793,67.000000,-423.000000,16632.000000,2.000000,2.000000,2.000000
-1.482476,-0.117836,57.073023,59.000000,-419.000000,16617.000000,0.000000,2.000000,1.000000
-1.433906,-0.208354,57.022840,74.000000,-424.000000,16652.000000,1.000000,2.000000,0.000000
-1.392215,-0.269723,56.981524,72.000000,-412.000000,16649.000000,1.000000,2.000000,2.000000
-1.453729,-0.148487,57.057645,52.000000,-410.000000,16639.000000,3.000000,3.000000,0.000000
-1.441287,-0.169514,57.048545,57.000000,-418.000000,16588.000000,1.000000,2.000000,1.000000
-1.420982,-0.223086,57.012656,64.000000,-432.000000,16594.000000,1.000000,2.000000,0.000000
-1.490963,-0.104535,57.096196,49.000000,-419.000000,16588.000000,1.000000,2.000000,2.000000
-1.487689,-0.098095,57.105189,41.000000,-422.000000,16613.000000,2.000000,2.000000,0.000000
-1.506194,-0.089671,57.134086,62.000000,-429.000000,16599.000000,1.000000,0.000000,2.000000
-1.469449,-0.131415,57.111306,45.000000,-414.000000,16605.000000,0.000000,2.000000,1.000000
-1.412396,-0.218130,57.057474,65.000000,-411.000000,16613.000000,0.000000,2.000000,1.000000
-1.437308,-0.184542,57.080586,57.000000,-421.000000,16604.000000,1.000000,1.000000,1.000000
-1.434331,-0.199519,57.065703,53.000000,-430.000000,16635.000000,1.000000,1.000000,-1.000000
-1.442726,-0.166982,57.084620,50.000000,-409.000000,16624.000000,1.000000,2.000000,0.000000
-1.461555,-0.145232,57.107082,57.000000,-422.000000,16617.000000,0.000000,2.000000,2.000000
-1.429818,-0.186090,57.076863,48.000000,-418.000000,16621.000000,1.000000,2.000000,1.000000
-1.464214,-0.132536,57.123384,63.000000,-413.000000,16617.000000,0.000000,3.000000,2.000000
-1.468210,-0.136470,57.134831,65.000000,-417.000000,16620.000000,-1.000000,2.000000,1.000000
-1.454253,-0.171744,57.117185,59.000000,-430.000000,16625.000000,1.000000,2.000000,1.000000
-1.423063,-0.214445,57.084064,49.000000,-419.000000,16606.000000,0.000000,1.000000,2.000000
-1.417363,-0.220793,57.067467,44.000000,-425.000000,16613.000000,0.000000,2.000000,1.000000
-1.427093,-0.204452,57.069722,57.000000,-416.000000,16604.000000,-1.000000,3.000000,-2.000000
-1.397453,-0.237576,57.047476,69.000000,-400.000000,16589.000000,0.000000,3.000000,1.000000
-1.464248,-0.166480,57.106832,78.000000,-433.000000,16626.000000,1.000000,2.000000,0.000000
-1.483113,-0.143862,57.137011,71.000000,-424.000000,16627.000000,2.000000,3.000000,2.000000
-1.433510,-0.200949,57.095995,55.000000,-413.000000,16621.000000,2.000000,3.000000,0.000000
-1.441633,-0.171427,57.113222,54.000000,-408.000000,16624.000000,0.000000,3.000000,0.000000
-1.419535,-0.181688,57.100782,46.000000,-406.000000,16626.000000,1.000000,3.000000,1.000000
-1.429814,-0.189486,57.104179,68.000000,-431.000000,16624.000000,3.000000,2.000000,2.000000
-1.406980,-0.215901,57.089483,67.000000,-404.000000,16646.000000,0.000000,3.000000,2.000000
-1.410933,-0.226093,57.070946,48.000000,-438.000000,16631.000000,1.000000,3.000000,1.000000
-1.406448,-0.223037,57.067637,62.000000,-411.000000,16629.000000,2.000000,3.000000,0.000000
-1.336489,-0.325054,56.982346,57.000000,-414.000000,16586.000000,1.000000,2.000000,2.000000
-1.382330,-0.248139,57.012933,53.000000,-414.000000,16624.000000,1.000000,2.000000,-2.000000
-1.400468,-0.217122,57.020538,47.000000,-424.000000,16608.000000,3.000000,3.000000,1.000000
-1.429049,-0.183270,57.048666,67.000000,-418.000000,16621.000000,2.000000,1.000000,0.000000
-1.445138,-0.161054,57.053656,38.000000,-436.000000,16606.000000,3.000000,3.000000,0.000000
-1.404719,-0.214935,57.011407,47.000000,-417.000000,16622.000000,1.000000,2.000000,2.000000
-1.393938,-0.241682,56.988648,61.000000,-420.000000,16621.000000,0.000000,2.000000,1.000000
-1.418182,-0.210269,56.997451,47.000000,-429.000000,16617.000000,1.000000,2.000000,0.000000
-1.385464,-0.236185,56.966445,42.000000,-409.000000,16603.000000,2.000000,2.000000,2.000000
-1.395900,-0.217353,56.976404,57.000000,-414.000000,16636.000000,2.000000,2.000000,3.000000
-1.355431,-0.282982,56.919122,54.000000,-420.000000,16615.000000,2.000000,1.000000,1.000000
-1.378296,-0.244393,56.935718,62.000000,-411.000000,16640.000000,1.000000,4.000000,2.000000
-1.396636,-0.225378,56.940683,58.000000,-421.000000,16629.000000,1.000000,2.000000,0.000000
-1.403251,-0.202559,56.949038,53.000000,-409.000000,16630.000000,2.000000,2.000000,0.000000
-1.436843,-0.168046,56.980824,68.000000,-421.000000,16627.000000,1.000000,2.000000,1.000000
-1.430504,-0.176823,56.977211,58.000000,-416.000000,16627.000000,1.000000,3.000000,1.000000
-1.409756,-0.229430,56.942144,66.000000,-427.000000,16619.000000,1.000000,1.000000,-1.000000
-1.472907,-0.120657,57.013333,45.000000,-422.000000,16613.000000,2.000000,3.000000,2.000000
-1.479183,-0.097126,57.041717,54.000000,-408.000000,16630.000000,1.000000,2.000000,1.000000
-1.410165,-0.190607,56.980519,54.000000,-407.000000,16624.000000,1.000000,2.000000,0.000000
-1.404593,-0.228103,56.957477,66.000000,-428.000000,16639.000000,0.000000,0.000000,0.000000
-1.412779,-0.203116,56.959380,40.000000,-416.000000,16609.000000,0.000000,2.000000,0.000000
-1.400526,-0.228342,56.932835,59.000000,-423.000000,16634.000000,1.000000,4.000000,-1.000000
-1.402244,-0.207572,56.937488,50.000000,-409.000000,16624.000000,2.000000,3.000000,1.000000
-1.463362,-0.143293,56.992752,66.000000,-435.000000,16646.000000,1.000000,2.000000,3.000000
-1.461419,-0.154391,56.991003,53.000000,-424.000000,16638.000000,-1.000000,1.000000,1.000000
-1.455926,-0.167191,56.982801,47.000000,-433.000000,16624.000000,2.000000,2.000000,2.000000
-1.461573,-0.134404,57.007561,50.000000,-407.000000,16640.000000,1.000000,3.000000,1.000000
-1.432065,-0.191073,56.978796,65.000000,-422.000000,16628.000000,1.000000,2.000000,2.000000
-1.436970,-0.183057,56.995837,75.000000,-407.000000,16622.000000,1.000000,2.000000,1.000000
-1.429203,-0.193411,56.990253,59.000000,-416.000000,16612.000000,1.000000,2.000000,1.000000
-1.396043,-0.248385,56.942479,53.000000,-425.000000,16608.000000,1.000000,2.000000,0.000000
-1.364242,-0.322266,56.889504,80.000000,-425.000000,16611.000000,0.000000,2.000000,2.000000
-1.415308,-0.219695,56.940285,46.000000,-411.000000,16621.000000,1.000000,2.000000,0.000000
-1.406650,-0.235796,56.919343,49.000000,-426.000000,16641.000000,0.000000,2.000000,2.000000
-1.405404,-0.216687,56.923164,53.000000,-404.000000,16632.000000,0.000000,3.000000,1.000000
-1.390410,-0.231764,56.901607,48.000000,-414.000000,16648.000000,0.000000,2.000000,1.000000
-1.370319,-0.260237,56.868332,52.000000,-420.000000,16640.000000,2.000000,3.000000,1.000000
-1.398690,-0.217163,56.890510,61.000000,-412.000000,16644.000000,0.000000,3.000000,0.000000
-1.456949,-0.133577,56.956913,69.000000,-411.000000,16624.000000,0.000000,2.000000,0.000000
-1.423345,-0.154345,56.938114,36.000000,-404.000000,16635.000000,1.000000,3.000000,2.000000
-1.418618,-0.173229,56.923762,52.000000,-425.000000,16649.000000,1.000000,3.000000,0.000000
-1.440038,-0.159579,56.937082,57.000000,-426.000000,16647.000000,0.000000,1.000000,0.000000
-1.471881,-0.133172,56.969794,68.000000,-425.000000,16650.000000,-1.000000,2.000000,1.000000
-1.464552,-0.147529,56.970073,62.000000,-417.000000,16642.000000,-1.000000,3.000000,1.000000
-1.456204,-0.144227,56.970092,47.000000,-414.000000,16624.000000,1.000000,3.000000,-1.000000
                                                                                                                                                                                                                                                                                                                                                                                                                                                                                                                                                                                                                                                                                                                                                                                                                                                                                                                                                                                                                                                                                                                                                                                                                                                                                                                                                                                                                                                                                                                                                                                                                                                                                                                                                                                                                                                                                                                                         -0.241880,-12.478436,179.575939,201.000000,114.000000,16653.000000,27.000000,-17.000000,0.000000
-0.489990,-21.652762,179.290041,201.000000,64.000000,16779.000000,57.000000,-43.000000,1.000000
-0.806381,-27.165996,179.077635,289.000000,203.000000,16766.000000,-7.000000,5.000000,-1.000000
-1.026057,-29.769309,178.956695,239.000000,146.000000,16770.000000,7.000000,-6.000000,1.000000
-1.184352,-31.169703,178.842538,263.000000,152.000000,16753.000000,19.000000,-12.000000,1.000000
-1.329543,-31.914983,178.729913,245.000000,154.000000,16770.000000,18.000000,-14.000000,2.000000
-1.302327,-32.353232,178.562122,231.000000,159.000000,16777.000000,17.000000,-14.000000,1.000000
-1.235749,-32.154407,178.399669,234.000000,157.000000,16787.000000,18.000000,-14.000000,1.000000
-1.279796,-32.179582,178.261612,248.000000,159.000000,16785.000000,18.000000,-13.000000,1.000000
-1.346223,-32.098509,178.126140,239.000000,161.000000,16780.000000,17.000000,-14.000000,1.000000
-1.244977,-32.359387,177.920099,241.000000,156.000000,16781.000000,17.000000,-13.000000,0.000000
-1.115719,-32.173302,177.720765,249.000000,164.000000,16777.000000,17.000000,-13.000000,1.000000
-1.185415,-32.002342,177.587013,259.000000,149.000000,16784.000000,18.000000,-14.000000,1.000000
-1.169006,-32.204837,177.400847,249.000000,148.000000,16760.000000,18.000000,-12.000000,-1.000000
-1.161637,-32.051758,177.228156,250.000000,149.000000,16768.000000,17.000000,-13.000000,0.000000
-1.146527,-31.972730,177.041804,251.000000,165.000000,16768.000000,18.000000,-13.000000,-1.000000
-1.112583,-32.184787,176.837412,253.000000,151.000000,16800.000000,19.000000,-12.000000,1.000000
-1.040030,-32.098501,176.624907,250.000000,159.000000,16794.000000,17.000000,-11.000000,-1.000000
-1.017380,-32.000816,176.433688,244.000000,149.000000,16788.000000,19.000000,-14.000000,2.000000
-0.832285,-32.157752,176.171642,256.000000,176.000000,16779.000000,19.000000,-13.000000,1.000000
-0.782185,-32.056263,175.961533,245.000000,174.000000,16775.000000,17.000000,-13.000000,0.000000
-0.787486,-31.944023,175.770804,257.000000,159.000000,16806.000000,17.000000,-12.000000,1.000000
-0.847075,-32.320970,175.556441,260.000000,168.000000,16800.000000,18.000000,-13.000000,0.000000
-0.914228,-32.480751,175.346257,253.000000,165.000000,16757.000000,17.000000,-13.000000,2.000000
-0.960604,-32.333158,175.138156,239.000000,156.000000,16737.000000,17.000000,-14.000000,1.000000
-0.899684,-32.266229,174.884171,247.000000,160.000000,16741.000000,19.000000,-12.000000,0.000000
-0.824687,-32.365709,174.610254,246.000000,171.000000,16755.000000,19.000000,-14.000000,1.000000
-0.719128,-32.210157,174.338535,262.000000,179.000000,16736.000000,18.000000,-14.000000,1.000000
-0.777756,-32.158122,174.105582,245.000000,166.000000,16734.000000,17.000000,-13.000000,-1.000000
-0.642270,-32.144341,173.807197,246.000000,155.000000,16757.000000,17.000000,-12.000000,0.000000
-0.541572,-32.327132,173.504070,256.000000,157.000000,16742.000000,17.000000,-13.000000,1.000000
-0.623685,-32.142818,173.278761,239.000000,147.000000,16741.000000,18.000000,-12.000000,1.000000
-0.600460,-32.175494,172.991680,253.000000,163.000000,16757.000000,19.000000,-14.000000,0.000000
-0.558040,-32.172576,172.693614,269.000000,168.000000,16743.000000,19.000000,-14.000000,0.000000
-0.468678,-32.218415,172.371792,240.000000,158.000000,16725.000000,17.000000,-13.000000,1.000000
-0.244847,-32.093768,172.019000,251.000000,165.000000,16714.000000,19.000000,-14.000000,0.000000
-0.132773,-32.290628,171.672947,265.000000,168.000000,16722.000000,20.000000,-13.000000,-1.000000
-0.248548,-32.493887,171.385087,245.000000,155.000000,16741.000000,18.000000,-13.000000,1.000000
-0.200105,-32.332682,171.064215,258.000000,174.000000,16742.000000,18.000000,-13.000000,1.000000
-0.096199,-32.108885,170.735896,253.000000,148.000000,16745.000000,18.000000,-13.000000,2.000000
0.001824,-32.299246,170.359670,257.000000,174.000000,16765.000000,18.000000,-12.000000,1.000000
-0.115637,-32.309988,170.056760,255.000000,167.000000,16722.000000,18.000000,-13.000000,2.000000
-0.054495,-32.103648,169.706346,240.000000,165.000000,16739.000000,18.000000,-12.000000,0.000000
-0.054787,-32.112587,169.353751,264.000000,159.000000,16728.000000,19.000000,-13.000000,3.000000
0.141268,-32.124264,168.929573,237.000000,148.000000,16746.000000,19.000000,-14.000000,0.000000
0.195802,-32.135248,168.544032,249.000000,155.000000,16736.000000,18.000000,-13.000000,1.000000
0.223696,-32.216238,168.150594,255.000000,154.000000,16744.000000,17.000000,-13.000000,3.000000
0.133161,-32.279002,167.775440,260.000000,154.000000,16726.000000,19.000000,-12.000000,0.000000
0.130845,-32.105984,167.386387,237.000000,152.000000,16727.000000,18.000000,-13.000000,0.000000
0.278756,-32.366099,166.894119,241.000000,143.000000,16734.000000,18.000000,-13.000000,4.000000
0.482832,-32.229486,166.423847,257.000000,148.000000,16721.000000,19.000000,-14.000000,1.000000
0.664256,-32.220129,165.935443,249.000000,180.000000,16743.000000,18.000000,-14.000000,1.000000
0.795682,-32.200460,165.460852,240.000000,153.000000,16750.000000,16.000000,-13.000000,0.000000
0.883454,-32.374341,164.961065,251.000000,160.000000,16750.000000,17.000000,-13.000000,0.000000
0.889597,-32.287725,164.510548,243.000000,161.000000,16734.000000,19.000000,-13.000000,1.000000
1.022338,-32.102486,164.025935,235.000000,160.000000,16728.000000,20.000000,-12.000000,0.000000
0.989459,-32.262021,163.526481,251.000000,160.000000,16732.000000,17.000000,-13.000000,-1.000000
1.067862,-32.326100,162.991612,272.000000,166.000000,16735.000000,18.000000,-14.000000,0.000000
1.252617,-32.276461,162.431862,255.000000,153.000000,16748.000000,17.000000,-13.000000,0.000000
1.254575,-32.144469,161.935210,239.000000,147.000000,16754.000000,19.000000,-13.000000,1.000000
1.421252,-32.003641,161.376048,244.000000,173.000000,16758.000000,17.000000,-14.000000,1.000000
1.251293,-31.978513,160.886211,230.000000,154.000000,16735.000000,17.000000,-13.000000,1.000000
1.305453,-32.047258,160.290598,240.000000,154.000000,16735.000000,18.000000,-11.000000,1.000000
1.537582,-32.264653,159.592404,251.000000,158.000000,16755.000000,17.000000,-12.000000,-1.000000
1.608695,-32.132991,158.996709,237.000000,156.000000,16754.000000,19.000000,-13.000000,1.000000
1.823384,-32.260254,158.294713,241.000000,151.000000,16734.000000,17.000000,-12.000000,1.000000
1.858562,-32.238185,157.657623,243.000000,158.000000,16731.000000,17.000000,-13.000000,1.000000
1.847071,-32.112777,157.037856,249.000000,162.000000,16733.000000,18.000000,-12.000000,1.000000
1.939456,-32.012049,156.366602,263.000000,164.000000,16727.000000,17.000000,-12.000000,0.000000
2.169290,-32.011141,155.622760,242.000000,157.000000,16739.000000,18.000000,-13.000000,2.000000
2.307481,-31.943834,154.908374,251.000000,165.000000,16735.000000,17.000000,-14.000000,2.000000
2.351732,-31.981983,154.179995,242.000000,152.000000,16718.000000,18.000000,-14.000000,2.000000
2.396762,-31.802542,153.480097,250.000000,157.000000,16734.000000,17.000000,-12.000000,0.000000
2.582819,-31.828732,152.678564,257.000000,143.000000,16726.000000,17.000000,-13.000000,0.000000
2.708804,-31.681233,151.913940,232.000000,173.000000,16757.000000,18.000000,-14.000000,1.000000
3.028688,-31.832195,151.010936,260.000000,169.000000,16755.000000,18.000000,-14.000000,4.000000
3.242373,-31.953887,150.115890,263.000000,174.000000,16753.000000,18.000000,-11.000000,1.000000
3.312406,-31.842606,149.304986,258.000000,161.000000,16752.000000,17.000000,-14.000000,0.000000
3.374643,-31.895681,148.425849,250.000000,153.000000,16731.000000,19.000000,-14.000000,1.000000
3.598292,-31.929491,147.473997,262.000000,171.000000,16731.000000,17.000000,-12.000000,1.000000
3.632891,-31.801721,146.596376,240.000000,173.000000,16725.000000,17.000000,-12.000000,1.000000
3.938163,-31.782098,145.592583,242.000000,152.000000,16734.000000,17.000000,-12.000000,1.000000
3.859924,-31.606821,144.723617,247.000000,166.000000,16725.000000,18.000000,-13.000000,1.000000
4.001326,-31.635292,143.696067,247.000000,154.000000,16748.000000,17.000000,-13.000000,0.000000
4.205442,-31.674512,142.619047,257.000000,147.000000,16729.000000,18.000000,-12.000000,1.000000
4.511981,-31.654800,141.494127,239.000000,172.000000,16731.000000,19.000000,-13.000000,0.000000
4.642221,-31.578623,140.415789,253.000000,175.000000,16750.000000,21.000000,-14.000000,0.000000
